3625. 01.01.2000 9,19,22,23,34,39
3626. 05.01.2000 3,5,13,23,41,42
3627. 08.01.2000 4,6,26,27,42,49
3628. 12.01.2000 4,22,36,39,41,45
3629. 15.01.2000 15,22,24,29,37,44
3630. 19.01.2000 22,23,24,29,30,45
3631. 22.01.2000 1,2,16,29,33,42
3632. 26.01.2000 3,9,17,23,43,44
3633. 29.01.2000 5,25,32,35,42,44
3634. 02.02.2000 6,7,13,17,33,49
3635. 05.02.2000 12,15,17,29,42,47
3636. 09.02.2000 2,7,27,43,48,49
3637. 12.02.2000 2,7,26,41,43,46
3638. 16.02.2000 3,8,15,19,21,22
3639. 19.02.2000 7,8,28,37,41,43
3640. 23.02.2000 12,14,21,27,34,48
3641. 26.02.2000 1,20,26,28,38,45
3642. 01.03.2000 9,13,31,38,41,45
3643. 04.03.2000 14,18,21,26,30,41
3644. 08.03.2000 9,18,26,28,38,49
3645. 11.03.2000 26,31,38,39,42,44
3646. 15.03.2000 27,31,35,37,43,46
3647. 18.03.2000 2,14,25,27,34,42
3648. 22.03.2000 8,13,35,40,41,46
3649. 25.03.2000 2,9,21,23,31,34
3650. 29.03.2000 3,23,25,27,33,49
3651. 01.04.2000 1,6,13,22,30,32
3652. 05.04.2000 3,14,21,25,29,41
3653. 08.04.2000 20,21,23,37,46,48
3654. 12.04.2000 5,6,11,32,40,47
3655. 15.04.2000 13,17,25,32,39,49
3656. 19.04.2000 2,3,17,34,43,45
3657. 22.04.2000 1,3,13,25,38,44
3658. 26.04.2000 8,25,28,41,45,46
3659. 29.04.2000 2,6,20,24,34,49
3660. 03.05.2000 2,15,17,24,40,43
3661. 06.05.2000 1,24,29,35,45,47
3662. 10.05.2000 1,2,7,28,38,40
3663. 13.05.2000 7,8,15,38,43,46
3664. 17.05.2000 4,17,25,32,36,45
3665. 20.05.2000 29,31,38,46,47,49
3666. 24.05.2000 3,13,27,30,31,49
3667. 27.05.2000 12,14,20,22,40,45
3668. 31.05.2000 3,7,9,27,35,44
3669. 03.06.2000 3,5,17,21,24,47
3670. 07.06.2000 30,31,35,39,44,45
3671. 10.06.2000 2,20,22,27,28,40
3672. 14.06.2000 7,11,21,27,32,42
3673. 17.06.2000 3,5,18,35,37,45
3674. 21.06.2000 6,32,35,41,45,49
3675. 24.06.2000 1,9,21,26,28,43
3676. 28.06.2000 8,17,21,35,36,45
3677. 01.07.2000 9,11,15,18,26,41
3678. 05.07.2000 2,3,15,46,47,49
3679. 08.07.2000 11,16,18,24,30,33
3680. 12.07.2000 5,8,14,24,41,47
3681. 15.07.2000 1,17,19,28,36,46
3682. 19.07.2000 9,13,14,25,28,47
3683. 22.07.2000 8,16,17,24,27,39
3684. 26.07.2000 7,8,15,30,33,47
3685. 29.07.2000 4,17,34,35,36,46
3686. 02.08.2000 7,11,13,17,32,45
3687. 05.08.2000 9,15,22,29,36,37
3688. 09.08.2000 3,11,13,23,30,40
3689. 12.08.2000 4,9,24,39,44,45
3690. 16.08.2000 10,20,26,27,40,41
3691. 19.08.2000 13,22,33,34,37,47
3692. 23.08.2000 11,15,25,29,31,43
3693. 26.08.2000 5,6,15,27,30,38
3694. 30.08.2000 6,34,37,41,44,45
3695. 02.09.2000 5,15,16,41,42,47
3696. 06.09.2000 10,16,19,24,25,33
3697. 09.09.2000 2,11,13,31,34,37
3698. 13.09.2000 9,13,15,16,33,48
3699. 16.09.2000 7,15,16,17,31,34
3700. 20.09.2000 16,18,19,26,30,49
3701. 23.09.2000 2,13,16,33,45,48
3702. 27.09.2000 9,10,24,31,38,47
3703. 30.09.2000 7,21,25,28,37,38
3704. 04.10.2000 7,9,10,32,39,41
3705. 07.10.2000 7,10,18,35,42,44
3706. 11.10.2000 8,9,21,28,34,47
3707. 14.10.2000 5,7,10,13,36,38
3708. 18.10.2000 3,7,10,34,36,47
3709. 21.10.2000 3,4,8,21,32,49
3710. 25.10.2000 6,8,22,29,36,48
3711. 28.10.2000 11,23,24,26,43,48
3712. 01.11.2000 9,18,19,21,24,25
3713. 04.11.2000 6,7,10,23,31,46
3714. 08.11.2000 19,23,26,34,35,36
3715. 11.11.2000 13,20,22,30,38,45
3716. 15.11.2000 2,10,12,13,18,34
3717. 18.11.2000 5,8,20,21,24,45
3718. 22.11.2000 2,6,17,28,29,40
3719. 25.11.2000 11,17,21,27,32,44
3720. 29.11.2000 2,12,15,22,24,31
3721. 02.12.2000 8,14,15,36,39,49
3722. 06.12.2000 4,10,11,25,41,43
3723. 09.12.2000 1,2,8,21,33,36
3724. 13.12.2000 9,22,26,27,47,49
3725. 16.12.2000 2,8,12,38,39,48
3726. 20.12.2000 10,12,17,27,32,49
3727. 23.12.2000 3,6,8,10,14,45
3728. 27.12.2000 7,12,19,30,45,49
3729. 30.12.2000 6,25,27,37,48,49
3730. 03.01.2001 8,16,19,34,35,46
3731. 06.01.2001 4,5,10,17,19,20
3732. 10.01.2001 4,12,18,28,30,34
3733. 13.01.2001 4,5,8,23,42,45
3734. 17.01.2001 1,11,13,40,45,46
3735. 20.01.2001 6,12,21,23,41,46
3736. 24.01.2001 3,13,14,21,30,41
3737. 27.01.2001 2,9,20,26,36,48
3738. 31.01.2001 14,15,23,29,30,46
3739. 03.02.2001 2,18,25,31,42,49
3740. 07.02.2001 7,8,24,36,47,48
3741. 10.02.2001 6,10,11,24,25,47
3742. 14.02.2001 13,22,35,38,39,47
3743. 17.02.2001 5,9,13,15,27,36
3744. 21.02.2001 5,6,8,13,32,41
3745. 24.02.2001 10,27,30,32,40,42
3746. 28.02.2001 21,24,26,35,39,41
3747. 03.03.2001 4,10,13,14,21,29
3748. 07.03.2001 4,17,18,26,32,44
3749. 10.03.2001 3,12,29,42,44,48
3750. 14.03.2001 2,9,11,25,40,49
3751. 17.03.2001 8,11,14,24,25,45
3752. 21.03.2001 2,14,22,24,26,34
3753. 24.03.2001 4,7,23,27,42,49
3754. 28.03.2001 7,10,22,42,48,49
3755. 31.03.2001 8,10,19,40,47,48
3756. 04.04.2001 7,20,23,24,37,44
3757. 07.04.2001 3,13,24,31,39,47
3758. 11.04.2001 7,9,11,26,46,49
3759. 14.04.2001 1,8,11,20,35,36
3760. 18.04.2001 4,10,20,21,30,45
3761. 21.04.2001 5,10,19,31,33,41
3762. 25.04.2001 1,2,20,29,30,43
3763. 28.04.2001 1,2,20,29,34,49
3764. 02.05.2001 1,9,18,28,32,40
3765. 05.05.2001 28,29,33,36,39,43
3766. 09.05.2001 23,25,32,33,36,48
3767. 12.05.2001 11,24,37,38,44,47
3768. 16.05.2001 12,14,17,34,36,43
3769. 19.05.2001 1,16,25,27,29,36
3770. 23.05.2001 11,29,34,40,42,45
3771. 26.05.2001 4,14,17,21,29,40
3772. 30.05.2001 3,14,19,24,38,39
3773. 02.06.2001 1,17,28,34,38,43
3774. 06.06.2001 14,15,18,38,41,43
3775. 09.06.2001 7,12,17,39,41,42
3776. 13.06.2001 7,9,22,23,25,43
3777. 16.06.2001 7,22,35,36,40,46
3778. 20.06.2001 2,9,23,29,34,49
3779. 23.06.2001 9,11,15,25,36,39
3780. 27.06.2001 3,33,34,40,45,46
3781. 30.06.2001 7,9,21,36,39,41
3782. 04.07.2001 5,31,36,38,40,46
3783. 07.07.2001 13,15,22,26,29,35
3784. 11.07.2001 10,29,32,33,36,47
3785. 14.07.2001 13,21,32,36,38,48
3786. 18.07.2001 6,11,16,22,30,41
3787. 21.07.2001 14,19,24,33,44,46
3788. 25.07.2001 5,6,21,23,24,36
3789. 28.07.2001 12,16,38,42,47,48
3790. 01.08.2001 11,13,23,33,38,48
3791. 04.08.2001 2,17,19,30,38,46
3792. 08.08.2001 16,18,23,27,40,46
3793. 11.08.2001 10,16,18,28,32,34
3794. 15.08.2001 4,16,17,21,25,32
3795. 18.08.2001 19,37,40,41,42,47
3796. 22.08.2001 9,18,24,26,29,37
3797. 25.08.2001 4,15,25,27,31,33
3798. 29.08.2001 11,33,42,44,46,48
3799. 01.09.2001 3,6,9,13,24,42
3800. 05.09.2001 5,11,15,16,21,43
3801. 08.09.2001 15,17,27,32,43,44
3802. 12.09.2001 10,15,18,25,42,44
3803. 15.09.2001 4,12,19,20,34,35
3804. 19.09.2001 7,11,29,34,43,44
3805. 22.09.2001 4,19,20,25,31,46
3806. 26.09.2001 11,12,14,20,26,37
3807. 29.09.2001 6,37,40,46,47,48
3808. 03.10.2001 1,2,16,32,39,46
3809. 06.10.2001 12,21,22,26,27,35
3810. 10.10.2001 3,12,14,28,29,41
3811. 13.10.2001 1,20,23,28,33,46
3812. 17.10.2001 1,2,18,30,36,44
3813. 20.10.2001 5,30,34,40,45,48
3814. 24.10.2001 11,18,20,35,43,46
3815. 27.10.2001 3,8,9,24,33,42
3816. 31.10.2001 9,18,30,35,39,48
3817. 03.11.2001 2,5,7,27,38,39
3818. 07.11.2001 12,13,17,20,24,42
3819. 10.11.2001 18,19,20,21,37,43
3820. 14.11.2001 1,15,26,27,30,34
3821. 17.11.2001 6,7,12,15,17,49
3822. 21.11.2001 14,24,38,40,42,45
3823. 24.11.2001 10,22,23,30,31,32
3824. 28.11.2001 1,5,18,20,30,46
3825. 01.12.2001 10,11,14,20,34,38
3826. 05.12.2001 7,25,41,44,45,47
3827. 08.12.2001 3,9,18,43,48,49
3828. 12.12.2001 1,7,13,17,35,36
3829. 15.12.2001 10,22,23,32,33,47
3830. 19.12.2001 6,12,17,20,21,29
3831. 22.12.2001 2,9,12,19,26,45
3832. 26.12.2001 6,15,18,20,28,33
3833. 29.12.2001 7,23,27,42,46,48
3834. 02.01.2002 1,29,34,35,41,42
3835. 05.01.2002 11,27,31,34,39,43
3836. 09.01.2002 1,8,9,10,21,38
3837. 12.01.2002 5,6,17,18,20,40
3838. 16.01.2002 5,26,33,34,42,45
3839. 19.01.2002 2,6,16,25,33,37
3840. 23.01.2002 6,7,29,39,45,46
3841. 26.01.2002 15,22,28,38,39,41
3842. 30.01.2002 9,12,20,26,36,39
3843. 02.02.2002 6,14,21,26,39,40
3844. 06.02.2002 16,22,27,35,39,43
3845. 09.02.2002 9,13,32,36,37,39
3846. 13.02.2002 1,15,24,33,42,43
3847. 16.02.2002 9,18,26,33,34,36
3848. 20.02.2002 7,10,11,19,27,46
3849. 23.02.2002 3,14,23,28,29,30
3850. 27.02.2002 25,26,27,33,38,41
3851. 02.03.2002 8,24,30,40,46,47
3852. 06.03.2002 7,14,16,29,32,39
3853. 09.03.2002 3,28,30,33,34,48
3854. 13.03.2002 2,4,27,30,32,48
3855. 16.03.2002 6,26,28,37,39,46
3856. 20.03.2002 4,13,16,22,34,49
3857. 23.03.2002 1,4,14,19,38,48
3858. 27.03.2002 1,9,15,21,39,46
3859. 30.03.2002 6,11,21,23,46,48
3860. 03.04.2002 4,15,25,26,38,43
3861. 06.04.2002 18,21,33,38,44,45
3862. 10.04.2002 1,17,20,30,36,41
3863. 13.04.2002 6,8,13,26,30,40
3864. 17.04.2002 3,4,10,14,43,45
3865. 20.04.2002 11,19,20,27,28,31
3866. 24.04.2002 11,13,21,35,37,43
3867. 27.04.2002 9,10,24,27,30,39
3868. 01.05.2002 12,19,23,30,36,48
3869. 04.05.2002 12,21,28,35,39,48
3870. 08.05.2002 20,21,36,37,39,47
3871. 11.05.2002 8,9,16,38,41,45
3872. 15.05.2002 7,12,25,31,34,37
3873. 18.05.2002 1,4,5,15,20,36
3874. 22.05.2002 4,6,23,27,34,47
3875. 25.05.2002 7,24,27,29,46,49
3876. 29.05.2002 9,10,12,13,16,19
3877. 01.06.2002 8,21,28,44,45,46
3878. 05.06.2002 6,10,13,17,21,38
3879. 08.06.2002 4,8,17,43,45,48
3880. 12.06.2002 1,3,15,25,31,48
3881. 15.06.2002 4,7,16,27,41,42
3882. 19.06.2002 4,8,19,29,32,37
3883. 22.06.2002 13,17,19,35,38,41
3884. 26.06.2002 10,21,27,29,37,49
3885. 29.06.2002 14,16,27,45,47,48
3886. 03.07.2002 9,17,22,28,35,40
3887. 06.07.2002 10,11,22,25,33,45
3888. 10.07.2002 3,4,12,23,26,32
3889. 13.07.2002 8,14,33,34,40,49
3890. 17.07.2002 13,17,25,27,28,32
3891. 20.07.2002 8,22,30,32,39,41
3892. 24.07.2002 4,25,29,30,33,49
3893. 27.07.2002 15,21,27,30,31,46
3894. 31.07.2002 24,25,26,27,40,43
3895. 03.08.2002 8,10,11,18,21,35
3896. 07.08.2002 3,20,35,36,40,46
3897. 10.08.2002 11,16,23,29,38,40
3898. 14.08.2002 5,24,29,39,40,43
3899. 17.08.2002 13,14,22,31,37,41
3900. 21.08.2002 3,19,22,27,37,42
3901. 24.08.2002 6,12,13,14,15,41
3902. 28.08.2002 15,17,20,22,23,40
3903. 31.08.2002 2,18,26,29,45,48
3904. 04.09.2002 2,9,11,22,35,45
3905. 07.09.2002 4,5,10,17,29,32
3906. 11.09.2002 7,14,16,25,38,44
3907. 14.09.2002 12,32,36,37,46,47
3908. 18.09.2002 9,14,22,37,38,39
3909. 21.09.2002 1,2,25,30,43,48
3910. 25.09.2002 18,20,24,30,36,48
3911. 28.09.2002 14,16,23,24,26,32
3912. 02.10.2002 3,19,23,24,26,27
3913. 05.10.2002 1,10,13,36,45,48
3914. 09.10.2002 2,9,25,28,33,37
3915. 12.10.2002 24,26,30,41,42,47
3916. 16.10.2002 2,11,13,17,34,45
3917. 19.10.2002 1,4,31,34,44,49
3918. 23.10.2002 25,37,38,39,41,46
3919. 26.10.2002 7,15,26,27,35,47
3920. 30.10.2002 4,10,16,17,24,30
3921. 02.11.2002 11,17,20,23,43,46
3922. 06.11.2002 2,5,6,16,21,44
3923. 09.11.2002 16,18,29,32,34,45
3924. 13.11.2002 2,4,8,10,28,47
3925. 16.11.2002 4,18,20,28,40,43
3926. 20.11.2002 11,17,25,30,48,49
3927. 23.11.2002 15,20,21,23,27,32
3928. 27.11.2002 20,21,31,32,35,39
3929. 30.11.2002 19,36,40,41,44,46
3930. 04.12.2002 14,17,18,26,31,49
3931. 07.12.2002 6,14,31,32,42,44
3932. 11.12.2002 2,5,16,17,42,44
3933. 14.12.2002 2,4,9,39,47,49
3934. 18.12.2002 6,9,13,16,17,23
3935. 21.12.2002 1,4,6,11,27,28
3936. 25.12.2002 4,13,16,26,31,39
3937. 28.12.2002 11,17,32,33,37,40
3938. 01.01.2003 10,15,23,24,41,46
3939. 04.01.2003 3,18,30,31,34,45
3940. 08.01.2003 4,9,17,20,30,33
3941. 11.01.2003 13,23,30,31,35,47
3942. 15.01.2003 1,17,19,20,24,45
3943. 18.01.2003 13,23,30,38,40,44
3944. 22.01.2003 14,16,18,25,29,45
3945. 25.01.2003 1,6,12,24,28,45
3946. 29.01.2003 3,7,15,36,44,48
3947. 01.02.2003 13,15,20,33,36,41
3948. 05.02.2003 6,12,25,29,35,48
3949. 08.02.2003 19,22,23,29,35,43
3950. 12.02.2003 2,3,16,18,21,25
3951. 15.02.2003 2,8,10,15,25,31
3952. 19.02.2003 2,11,19,32,35,43
3953. 22.02.2003 12,15,27,35,37,49
3954. 26.02.2003 1,7,15,20,30,34
3955. 01.03.2003 20,28,32,34,46,47
3956. 05.03.2003 3,11,16,33,42,44
3957. 08.03.2003 10,13,22,37,48,49
3958. 12.03.2003 4,5,10,24,31,33
3959. 15.03.2003 17,28,43,44,45,48
3960. 19.03.2003 10,16,27,29,45,49
3961. 22.03.2003 8,17,18,27,36,38
3962. 26.03.2003 9,18,28,29,46,47
3963. 29.03.2003 8,13,14,23,35,44
3964. 02.04.2003 5,12,28,30,33,41
3965. 05.04.2003 3,6,13,25,40,43
3966. 09.04.2003 3,8,21,30,40,43
3967. 12.04.2003 2,4,9,31,39,42
3968. 16.04.2003 9,14,17,27,30,39
3969. 19.04.2003 6,11,15,23,43,46
3970. 23.04.2003 1,4,16,22,45,47
3971. 26.04.2003 14,18,23,33,39,49
3972. 30.04.2003 5,11,19,20,24,48
3973. 03.05.2003 6,8,12,16,18,23
3974. 07.05.2003 6,9,16,22,24,38
3975. 10.05.2003 18,20,26,39,42,44
3976. 14.05.2003 11,12,14,29,32,46
3977. 17.05.2003 2,10,13,27,37,40
3978. 21.05.2003 23,24,28,36,40,43
3979. 24.05.2003 2,5,8,35,41,42
3980. 28.05.2003 9,18,19,23,34,42
3981. 31.05.2003 2,10,25,27,28,39
3982. 04.06.2003 1,19,23,32,35,45
3983. 07.06.2003 12,15,25,30,35,41
3984. 11.06.2003 14,18,28,36,42,48
3985. 14.06.2003 4,6,8,16,40,47
3986. 18.06.2003 1,14,36,43,46,47
3987. 21.06.2003 6,13,21,24,27,29
3988. 25.06.2003 8,12,35,38,45,49
3989. 28.06.2003 7,11,17,28,35,37
3990. 02.07.2003 4,21,29,35,38,47
3991. 05.07.2003 6,27,29,35,37,42
3992. 09.07.2003 14,19,28,29,43,45
3993. 12.07.2003 1,3,8,14,22,40
3994. 16.07.2003 8,9,10,14,32,49
3995. 19.07.2003 7,37,38,41,44,45
3996. 23.07.2003 6,18,19,29,40,47
3997. 26.07.2003 2,5,15,28,32,40
3998. 30.07.2003 1,30,33,36,48,49
3999. 02.08.2003 4,12,13,14,15,42
4000. 06.08.2003 3,14,27,33,34,37
4001. 09.08.2003 2,10,13,29,34,48
4002. 13.08.2003 1,11,15,22,31,48
4003. 16.08.2003 2,5,10,18,23,27
4004. 20.08.2003 20,24,30,31,38,41
4005. 23.08.2003 11,12,15,16,28,33
4006. 27.08.2003 10,13,29,31,33,47
4007. 30.08.2003 2,9,15,24,37,41
4008. 03.09.2003 11,27,30,31,33,41
4009. 06.09.2003 1,5,6,21,25,27
4010. 10.09.2003 4,5,19,25,31,34
4011. 13.09.2003 2,6,19,27,38,44
4012. 17.09.2003 5,7,10,15,23,35
4013. 20.09.2003 5,15,18,21,24,28
4014. 24.09.2003 2,3,6,18,28,37
4015. 27.09.2003 2,10,28,36,39,45
4016. 01.10.2003 1,9,16,30,33,46
4017. 04.10.2003 15,27,30,36,45,47
4018. 08.10.2003 1,7,19,26,35,45
4019. 11.10.2003 4,16,17,18,21,45
4020. 15.10.2003 5,26,30,34,44,48
4021. 18.10.2003 17,24,32,33,45,49
4022. 22.10.2003 15,18,21,23,33,47
4023. 25.10.2003 9,11,14,29,41,46
4024. 29.10.2003 3,20,24,29,41,48
4025. 01.11.2003 2,3,5,21,32,38
4026. 05.11.2003 8,10,16,21,35,45
4027. 08.11.2003 7,8,12,24,40,44
4028. 12.11.2003 1,10,25,35,40,42
4029. 15.11.2003 12,13,18,30,32,34
4030. 19.11.2003 16,22,26,37,42,45
4031. 22.11.2003 1,8,13,20,23,32
4032. 26.11.2003 10,17,19,21,34,40
4033. 29.11.2003 11,18,28,34,45,46
4034. 03.12.2003 6,9,25,26,31,38
4035. 06.12.2003 13,14,17,25,26,38
4036. 10.12.2003 6,21,22,24,26,32
4037. 13.12.2003 7,13,15,24,37,49
4038. 17.12.2003 2,15,16,23,25,49
4039. 20.12.2003 4,12,23,30,39,41
4040. 24.12.2003 1,8,27,38,39,42
4041. 27.12.2003 13,14,17,24,27,38
4042. 31.12.2003 10,11,23,24,33,43
4043. 03.01.2004 1,7,19,24,38,42
4044. 07.01.2004 1,17,19,29,35,40
4045. 10.01.2004 6,10,20,26,38,49
4046. 14.01.2004 8,19,30,31,37,43
4047. 17.01.2004 3,19,24,31,41,45
4048. 21.01.2004 1,6,28,38,39,48
4049. 24.01.2004 6,13,16,20,36,44
4050. 28.01.2004 1,3,11,17,24,35
4051. 31.01.2004 19,23,24,28,38,41
4052. 04.02.2004 16,21,22,24,27,49
4053. 07.02.2004 13,15,17,19,22,25
4054. 11.02.2004 2,10,30,37,45,49
4055. 14.02.2004 6,19,32,33,42,46
4056. 18.02.2004 1,3,12,14,15,38
4057. 21.02.2004 1,11,16,33,36,43
4058. 25.02.2004 5,25,26,36,40,43
4059. 28.02.2004 4,20,25,33,36,48
4060. 03.03.2004 7,9,21,29,38,46
4061. 06.03.2004 2,11,29,36,39,40
4062. 10.03.2004 17,18,23,34,40,45
4063. 13.03.2004 1,8,27,31,40,42
4064. 17.03.2004 2,26,40,42,44,45
4065. 20.03.2004 14,17,18,21,38,47
4066. 24.03.2004 6,21,29,35,38,39
4067. 27.03.2004 18,25,44,46,48,49
4068. 31.03.2004 11,14,16,24,29,42
4069. 03.04.2004 21,29,30,31,37,48
4070. 07.04.2004 1,5,14,26,44,45
4071. 10.04.2004 3,11,15,18,31,34
4072. 14.04.2004 1,4,5,34,36,46
4073. 17.04.2004 14,19,24,27,30,41
4074. 21.04.2004 4,22,36,39,40,47
4075. 24.04.2004 1,14,15,28,37,41
4076. 28.04.2004 12,13,23,28,37,39
4077. 01.05.2004 8,21,22,25,36,44
4078. 05.05.2004 10,12,16,19,30,43
4079. 08.05.2004 2,9,16,28,37,43
4080. 12.05.2004 6,17,18,23,25,44
4081. 15.05.2004 6,17,19,21,28,43
4082. 19.05.2004 5,9,13,35,37,49
4083. 22.05.2004 3,6,16,18,20,33
4084. 26.05.2004 2,18,21,24,30,39
4085. 29.05.2004 13,16,22,23,28,44
4086. 02.06.2004 2,8,12,15,46,49
4087. 05.06.2004 4,12,16,25,27,29
4088. 09.06.2004 4,16,25,29,47,49
4089. 12.06.2004 17,18,25,27,39,40
4090. 16.06.2004 8,10,22,25,26,44
4091. 19.06.2004 6,11,20,29,34,49
4092. 23.06.2004 3,13,16,31,36,47
4093. 26.06.2004 6,13,19,29,33,38
4094. 30.06.2004 1,4,8,17,28,31
4095. 03.07.2004 7,22,30,33,40,44
4096. 07.07.2004 23,24,35,46,47,49
4097. 10.07.2004 15,16,28,35,37,44
4098. 14.07.2004 6,7,19,45,48,49
4099. 17.07.2004 17,23,24,29,36,42
4100. 21.07.2004 7,9,14,24,44,46
4101. 24.07.2004 3,5,13,26,27,46
4102. 28.07.2004 6,10,17,23,43,44
4103. 31.07.2004 5,8,18,27,37,48
4104. 04.08.2004 4,9,12,22,24,45
4105. 07.08.2004 1,21,35,40,47,48
4106. 11.08.2004 9,12,41,45,46,48
4107. 14.08.2004 11,14,32,37,38,45
4108. 18.08.2004 16,25,34,41,46,48
4109. 21.08.2004 5,11,21,22,29,31
4110. 25.08.2004 4,6,17,29,37,40
4111. 28.08.2004 3,7,8,10,17,44
4112. 01.09.2004 3,21,24,29,31,49
4113. 04.09.2004 13,26,27,43,45,46
4114. 08.09.2004 15,19,28,31,39,48
4115. 11.09.2004 3,14,26,28,30,38
4116. 15.09.2004 5,21,29,39,41,42
4117. 18.09.2004 6,27,33,39,40,43
4118. 22.09.2004 8,16,17,28,32,39
4119. 25.09.2004 1,4,9,21,28,41
4120. 29.09.2004 2,11,14,20,25,45
4121. 02.10.2004 17,19,20,22,27,41
4122. 06.10.2004 12,16,28,30,38,43
4123. 09.10.2004 13,15,22,23,24,32
4124. 13.10.2004 14,16,17,36,38,46
4125. 16.10.2004 2,11,28,32,40,45
4126. 20.10.2004 12,25,33,35,38,41
4127. 23.10.2004 3,23,25,27,35,38
4128. 27.10.2004 4,17,22,26,36,39
4129. 30.10.2004 8,13,22,34,45,48
4130. 03.11.2004 4,5,7,34,46,48
4131. 06.11.2004 1,4,19,26,42,47
4132. 10.11.2004 10,11,22,35,41,49
4133. 13.11.2004 3,17,19,25,27,40
4134. 17.11.2004 3,5,19,31,38,42
4135. 20.11.2004 2,14,21,22,35,41
4136. 24.11.2004 10,20,30,33,42,44
4137. 27.11.2004 3,8,10,15,16,32
4138. 01.12.2004 21,26,28,33,39,43
4139. 04.12.2004 2,5,12,17,18,44
4140. 08.12.2004 5,6,8,20,34,39
4141. 11.12.2004 27,33,41,43,45,48
4142. 15.12.2004 5,9,13,16,42,49
4143. 18.12.2004 12,23,24,28,35,41
4144. 22.12.2004 21,22,25,26,36,44
4145. 25.12.2004 12,21,22,27,28,42
4146. 29.12.2004 6,22,30,35,42,44
4147. 01.01.2005 3,8,10,19,28,36
4148. 05.01.2005 1,20,24,32,43,47
4149. 08.01.2005 9,17,19,28,37,42
4150. 12.01.2005 3,4,7,26,35,44
4151. 15.01.2005 16,22,25,34,35,47
4152. 19.01.2005 2,5,11,12,15,34
4153. 22.01.2005 7,21,22,26,32,42
4154. 26.01.2005 11,16,18,23,29,30
4155. 29.01.2005 18,19,27,38,41,45
4156. 02.02.2005 5,19,28,29,35,38
4157. 05.02.2005 17,23,33,35,38,44
4158. 09.02.2005 4,6,20,24,29,35
4159. 12.02.2005 16,27,32,35,37,45
4160. 16.02.2005 4,10,11,21,26,45
4161. 19.02.2005 4,10,13,14,28,39
4162. 23.02.2005 4,20,25,41,48,49
4163. 26.02.2005 2,10,15,17,36,42
4164. 02.03.2005 20,24,30,33,34,47
4165. 05.03.2005 5,18,19,32,33,41
4166. 09.03.2005 2,21,25,31,35,43
4167. 12.03.2005 1,2,14,19,31,47
4168. 16.03.2005 18,23,26,30,47,49
4169. 19.03.2005 16,17,21,29,36,41
4170. 23.03.2005 18,27,31,42,45,49
4171. 26.03.2005 1,11,18,33,43,46
4172. 30.03.2005 22,28,30,34,38,47
4173. 02.04.2005 2,11,12,32,34,47
4174. 06.04.2005 13,23,26,28,46,48
4175. 09.04.2005 21,30,31,32,42,49
4176. 13.04.2005 2,6,7,8,28,49
4177. 16.04.2005 12,28,29,30,37,46
4178. 20.04.2005 6,10,11,20,23,47
4179. 23.04.2005 10,18,26,28,34,40
4180. 27.04.2005 4,5,6,7,31,34
4181. 30.04.2005 4,5,14,26,31,45
4182. 04.05.2005 4,8,13,28,30,41
4183. 07.05.2005 5,7,9,17,29,39
4184. 11.05.2005 3,4,9,10,21,38
4185. 14.05.2005 10,24,30,31,34,42
4186. 18.05.2005 2,7,16,24,34,43
4187. 21.05.2005 7,9,14,16,27,46
4188. 25.05.2005 4,6,15,41,44,48
4189. 28.05.2005 16,23,24,25,28,42
4190. 01.06.2005 5,6,17,26,32,34
4191. 04.06.2005 3,8,26,45,47,48
4192. 08.06.2005 22,30,33,37,41,45
4193. 11.06.2005 11,12,21,23,39,41
4194. 15.06.2005 7,14,28,35,37,44
4195. 18.06.2005 13,15,20,35,42,43
4196. 22.06.2005 3,23,37,44,47,48
4197. 25.06.2005 2,3,13,30,32,39
4198. 29.06.2005 3,10,16,22,24,48
4199. 02.07.2005 1,13,20,31,37,44
4200. 06.07.2005 15,18,24,27,30,34
4201. 09.07.2005 6,9,21,22,38,42
4202. 13.07.2005 3,6,8,22,31,37
4203. 16.07.2005 18,20,23,39,43,45
4204. 20.07.2005 7,9,23,31,40,42
4205. 23.07.2005 7,23,26,31,32,46
4206. 27.07.2005 3,4,9,15,36,37
4207. 30.07.2005 5,15,19,34,43,47
4208. 03.08.2005 9,12,21,30,40,45
4209. 06.08.2005 6,7,10,14,29,36
4210. 10.08.2005 1,13,20,32,36,37
4211. 13.08.2005 20,21,22,29,39,44
4212. 17.08.2005 12,15,16,20,39,47
4213. 20.08.2005 4,13,21,28,33,46
4214. 24.08.2005 5,11,20,23,26,40
4215. 27.08.2005 6,7,24,30,33,41
4216. 31.08.2005 6,13,22,37,42,43
4217. 03.09.2005 20,22,33,37,42,48
4218. 07.09.2005 4,18,19,21,28,43
4219. 10.09.2005 2,4,17,23,33,49
4220. 14.09.2005 13,25,26,27,33,48
4221. 17.09.2005 1,2,3,26,32,43
4222. 21.09.2005 24,31,35,36,39,45
4223. 24.09.2005 8,16,24,27,31,39
4224. 28.09.2005 17,25,26,30,36,43
4225. 01.10.2005 3,25,36,37,39,44
4226. 05.10.2005 8,9,27,35,41,48
4227. 08.10.2005 10,14,24,29,35,43
4228. 12.10.2005 11,14,19,24,40,41
4229. 15.10.2005 5,11,15,31,33,45
4230. 19.10.2005 2,6,8,21,36,43
4231. 22.10.2005 5,6,14,27,34,43
4232. 26.10.2005 1,10,25,30,37,46
4233. 29.10.2005 10,12,21,26,31,45
4234. 02.11.2005 8,19,26,38,41,46
4235. 05.11.2005 12,13,21,30,39,44
4236. 09.11.2005 5,15,26,29,42,46
4237. 12.11.2005 7,10,13,14,25,31
4238. 16.11.2005 8,9,12,18,29,35
4239. 19.11.2005 12,28,29,36,40,44
4240. 23.11.2005 3,4,8,15,31,32
4241. 26.11.2005 16,18,29,36,39,43
4242. 30.11.2005 4,9,20,28,29,34
4243. 03.12.2005 15,29,34,40,42,47
4244. 07.12.2005 5,20,29,37,48,49
4245. 10.12.2005 4,9,10,20,41,49
4246. 14.12.2005 8,12,28,42,43,44
4247. 17.12.2005 2,26,36,37,43,47
4248. 21.12.2005 1,10,21,24,45,48
4249. 24.12.2005 4,8,25,26,27,41
4250. 28.12.2005 10,12,18,35,44,47
4251. 31.12.2005 1,6,32,36,40,42
4252. 04.01.2006 3,14,23,30,46,47
4253. 07.01.2006 19,22,27,36,43,45
4254. 11.01.2006 3,4,9,22,39,46
4255. 14.01.2006 5,27,30,33,35,41
4256. 18.01.2006 4,17,21,22,24,26
4257. 21.01.2006 3,10,34,43,46,47
4258. 25.01.2006 5,11,14,36,40,45
4259. 28.01.2006 9,15,17,20,41,47
4260. 01.02.2006 2,4,10,14,25,29
4261. 04.02.2006 19,38,39,40,42,49
4262. 08.02.2006 3,12,21,24,28,49
4263. 11.02.2006 14,21,23,27,42,44
4264. 15.02.2006 10,23,28,32,41,49
4265. 18.02.2006 7,21,25,27,48,49
4266. 22.02.2006 4,19,21,38,42,45
4267. 25.02.2006 3,11,13,28,31,37
4268. 01.03.2006 6,10,15,17,21,25
4269. 04.03.2006 11,13,19,26,43,49
4270. 08.03.2006 2,11,13,24,31,39
4271. 11.03.2006 1,6,7,22,23,36
4272. 15.03.2006 4,14,20,26,32,34
4273. 18.03.2006 5,14,17,27,36,48
4274. 22.03.2006 1,7,9,22,32,34
4275. 25.03.2006 6,19,30,37,44,49
4276. 29.03.2006 26,27,28,30,40,46
4277. 01.04.2006 12,18,20,33,35,45
4278. 05.04.2006 4,10,13,32,38,47
4279. 08.04.2006 9,23,42,44,45,46
4280. 12.04.2006 2,15,18,25,26,46
4281. 15.04.2006 7,30,35,37,38,45
4282. 19.04.2006 3,5,6,23,42,47
4283. 22.04.2006 4,6,20,26,30,31
4284. 26.04.2006 7,9,11,19,39,40
4285. 29.04.2006 6,16,24,31,37,44
4286. 03.05.2006 12,13,24,38,42,44
4287. 06.05.2006 2,5,26,29,32,49
4288. 10.05.2006 1,3,16,27,28,37
4289. 13.05.2006 17,18,22,27,40,46
4290. 17.05.2006 1,13,21,22,23,45
4291. 20.05.2006 12,19,35,37,45,47
4292. 24.05.2006 1,9,18,29,37,41
4293. 27.05.2006 6,16,19,37,46,48
4294. 31.05.2006 5,6,10,11,17,24
4295. 03.06.2006 12,30,31,32,35,44
4296. 07.06.2006 23,30,35,36,48,49
4297. 10.06.2006 13,19,33,36,40,42
4298. 14.06.2006 1,14,22,24,28,44
4299. 17.06.2006 5,12,15,29,31,32
4300. 21.06.2006 1,10,17,26,38,40
4301. 24.06.2006 3,10,12,19,30,49
4302. 28.06.2006 4,7,12,14,19,40
4303. 01.07.2006 17,18,24,29,44,47
4304. 05.07.2006 17,20,21,26,28,47
4305. 08.07.2006 11,13,20,31,33,43
4306. 12.07.2006 2,3,9,11,46,48
4307. 15.07.2006 2,9,15,23,32,42
4308. 19.07.2006 7,16,29,34,43,47
4309. 22.07.2006 13,21,34,38,40,49
4310. 26.07.2006 2,15,19,30,39,48
4311. 29.07.2006 1,9,20,22,37,47
4312. 02.08.2006 2,10,11,17,19,38
4313. 05.08.2006 1,10,15,25,32,48
4314. 09.08.2006 10,11,16,39,41,46
4315. 12.08.2006 1,20,22,33,41,49
4316. 16.08.2006 8,10,19,25,31,37
4317. 19.08.2006 9,21,22,24,39,43
4318. 23.08.2006 20,22,36,38,41,45
4319. 26.08.2006 5,11,19,21,23,37
4320. 30.08.2006 7,13,16,19,27,48
4321. 02.09.2006 3,17,19,21,22,29
4322. 06.09.2006 6,8,24,31,32,45
4323. 09.09.2006 3,6,7,12,28,32
4324. 13.09.2006 1,8,21,34,47,49
4325. 16.09.2006 4,14,15,19,25,32
4326. 20.09.2006 8,14,39,41,45,47
4327. 23.09.2006 3,4,23,34,36,44
4328. 27.09.2006 4,5,8,9,23,48
4329. 30.09.2006 14,26,30,31,33,40
4330. 04.10.2006 6,9,11,17,20,38
4331. 07.10.2006 4,5,21,35,37,47
4332. 11.10.2006 7,27,34,36,41,46
4333. 14.10.2006 18,21,24,36,44,46
4334. 18.10.2006 4,5,14,17,36,48
4335. 21.10.2006 29,38,39,44,47,49
4336. 25.10.2006 1,5,22,33,39,48
4337. 28.10.2006 8,10,12,17,18,44
4338. 01.11.2006 22,24,25,30,31,39
4339. 04.11.2006 8,11,16,24,38,44
4340. 08.11.2006 15,26,34,36,47,49
4341. 11.11.2006 4,19,21,27,36,48
4342. 15.11.2006 4,22,40,43,45,47
4343. 18.11.2006 12,15,22,23,33,49
4344. 22.11.2006 4,5,8,11,34,36
4345. 25.11.2006 12,13,17,18,31,48
4346. 29.11.2006 2,6,14,23,35,42
4347. 02.12.2006 5,42,43,45,48,49
4348. 06.12.2006 1,14,21,23,26,43
4349. 09.12.2006 15,19,26,29,34,36
4350. 13.12.2006 4,9,12,20,27,48
4351. 16.12.2006 6,16,28,31,36,47
4352. 20.12.2006 8,15,20,21,32,40
4353. 23.12.2006 1,4,7,8,47,49
4354. 27.12.2006 6,10,25,26,34,45
4355. 30.12.2006 16,19,27,39,42,43
4356. 03.01.2007 18,31,38,45,46,49
4357. 06.01.2007 1,22,28,42,47,49
4358. 10.01.2007 2,7,18,21,26,39
4359. 13.01.2007 1,4,5,21,26,44
4360. 17.01.2007 1,12,16,28,29,37
4361. 20.01.2007 4,8,39,44,48,49
4362. 24.01.2007 13,14,22,29,37,48
4363. 27.01.2007 6,10,19,31,33,34
4364. 31.01.2007 21,24,25,33,34,44
4365. 03.02.2007 6,15,16,36,39,45
4366. 07.02.2007 3,10,24,38,47,48
4367. 10.02.2007 2,9,13,28,36,48
4368. 14.02.2007 2,3,21,25,32,40
4369. 17.02.2007 1,17,36,41,43,47
4370. 21.02.2007 1,9,32,34,40,47
4371. 24.02.2007 1,3,20,22,27,34
4372. 28.02.2007 4,11,19,27,43,45
4373. 03.03.2007 7,12,15,31,36,43
4374. 07.03.2007 4,25,27,32,34,43
4375. 10.03.2007 9,10,15,33,41,47
4376. 14.03.2007 4,12,23,29,30,42
4377. 17.03.2007 3,4,5,17,21,44
4378. 21.03.2007 4,17,25,27,47,48
4379. 24.03.2007 7,26,28,31,42,43
4380. 28.03.2007 15,19,25,33,34,43
4381. 31.03.2007 10,12,13,31,32,49
4382. 04.04.2007 1,10,24,29,30,39
4383. 07.04.2007 2,9,18,22,42,44
4384. 11.04.2007 2,5,22,27,40,49
4385. 14.04.2007 8,10,14,18,22,38
4386. 18.04.2007 7,15,22,38,43,46
4387. 21.04.2007 7,8,22,26,35,39
4388. 25.04.2007 1,12,13,14,38,41
4389. 28.04.2007 9,11,27,29,32,42
4390. 02.05.2007 5,14,15,26,27,30
4391. 05.05.2007 7,17,19,38,43,48
4392. 09.05.2007 4,13,24,28,45,46
4393. 12.05.2007 9,13,15,26,34,39
4394. 16.05.2007 9,15,30,41,45,48
4395. 19.05.2007 5,7,24,28,31,33
4396. 23.05.2007 9,21,23,26,37,46
4397. 26.05.2007 7,13,36,37,39,46
4398. 30.05.2007 6,8,24,32,40,49
4399. 02.06.2007 2,10,16,21,30,44
4400. 06.06.2007 4,25,28,33,36,45
4401. 09.06.2007 9,11,24,25,37,43
4402. 13.06.2007 1,14,19,27,28,38
4403. 16.06.2007 15,17,36,40,48,49
4404. 20.06.2007 1,12,18,19,20,47
4405. 23.06.2007 2,9,11,24,32,48
4406. 27.06.2007 2,13,19,24,39,42
4407. 30.06.2007 2,5,37,41,42,48
4408. 04.07.2007 4,16,33,40,45,47
4409. 07.07.2007 2,14,29,36,45,49
4410. 11.07.2007 1,26,39,47,48,49
4411. 14.07.2007 3,7,18,27,34,39
4412. 18.07.2007 7,8,9,10,17,48
4413. 21.07.2007 5,15,23,28,37,44
4414. 25.07.2007 16,24,29,30,36,44
4415. 28.07.2007 3,19,22,23,32,36
4416. 01.08.2007 8,9,18,19,22,42
4417. 04.08.2007 17,21,24,41,43,45
4418. 08.08.2007 5,11,13,34,43,45
4419. 11.08.2007 14,21,34,39,43,49
4420. 15.08.2007 7,8,13,18,25,43
4421. 18.08.2007 3,19,21,25,28,46
4422. 22.08.2007 4,15,19,20,36,45
4423. 25.08.2007 4,5,8,17,28,30
4424. 29.08.2007 39,41,43,45,47,48
4425. 01.09.2007 5,15,21,25,26,40
4426. 04.09.2007 5,26,31,35,39,47
4427. 06.09.2007 3,11,21,35,45,48
4428. 08.09.2007 4,6,15,27,28,43
4429. 11.09.2007 4,16,21,35,43,47
4430. 13.09.2007 11,15,18,22,30,39
4431. 15.09.2007 11,14,34,36,42,46
4432. 18.09.2007 10,14,15,29,31,44
4433. 20.09.2007 3,11,12,14,40,42
4434. 22.09.2007 4,8,12,13,25,26
4435. 25.09.2007 16,18,19,29,40,49
4436. 27.09.2007 6,11,25,34,44,47
4437. 29.09.2007 16,18,35,42,43,47
4438. 02.10.2007 13,25,26,40,46,49
4439. 04.10.2007 5,17,18,19,28,37
4440. 06.10.2007 4,10,12,18,22,44
4441. 09.10.2007 5,8,12,14,18,24
4442. 11.10.2007 9,24,30,33,45,49
4443. 13.10.2007 5,13,14,27,28,45
4444. 16.10.2007 8,16,31,34,35,37
4445. 18.10.2007 9,10,18,28,30,37
4446. 20.10.2007 15,18,25,28,43,48
4447. 23.10.2007 4,7,18,34,45,46
4448. 25.10.2007 5,8,19,28,38,42
4449. 27.10.2007 3,7,33,39,45,48
4450. 30.10.2007 5,6,8,10,42,49
4451. 01.11.2007 3,12,19,33,34,42
4452. 03.11.2007 1,14,17,25,30,38
4453. 06.11.2007 6,11,12,15,34,45
4454. 08.11.2007 14,20,38,39,40,48
4455. 10.11.2007 3,11,12,21,32,44
4456. 13.11.2007 13,22,29,35,36,46
4457. 15.11.2007 2,12,13,37,40,49
4458. 17.11.2007 11,17,27,41,42,44
4459. 20.11.2007 2,14,19,25,30,45
4460. 22.11.2007 3,17,19,23,32,45
4461. 24.11.2007 11,15,17,18,35,36
4462. 27.11.2007 5,16,23,24,35,36
4463. 29.11.2007 14,23,27,32,47,48
4464. 01.12.2007 5,26,34,36,41,46
4465. 04.12.2007 3,8,18,20,24,43
4466. 06.12.2007 1,18,28,30,32,34
4467. 08.12.2007 2,4,15,22,28,40
4468. 11.12.2007 5,6,17,29,42,45
4469. 13.12.2007 7,10,33,35,41,42
4470. 15.12.2007 5,20,29,44,45,48
4471. 18.12.2007 12,26,33,36,42,45
4472. 20.12.2007 2,16,25,35,36,37
4473. 22.12.2007 11,23,31,33,37,47
4474. 25.12.2007 11,19,20,21,29,30
4475. 27.12.2007 12,14,19,24,32,38
4476. 29.12.2007 10,14,25,34,35,49
4477. 01.01.2008 9,19,20,31,45,48
4478. 03.01.2008 1,7,10,21,35,46
4479. 05.01.2008 2,3,19,25,39,45
4480. 08.01.2008 4,5,19,24,29,44
4481. 10.01.2008 9,15,17,31,42,47
4482. 12.01.2008 7,16,21,22,26,45
4483. 15.01.2008 3,8,37,38,41,42
4484. 17.01.2008 10,20,30,35,36,47
4485. 19.01.2008 5,7,10,14,25,42
4486. 22.01.2008 22,23,30,37,41,46
4487. 24.01.2008 20,27,31,33,39,44
4488. 26.01.2008 20,27,31,32,40,46
4489. 29.01.2008 4,23,27,31,37,38
4490. 31.01.2008 4,7,13,16,33,39
4491. 02.02.2008 6,16,22,30,39,47
4492. 05.02.2008 1,25,32,37,47,49
4493. 07.02.2008 3,19,21,24,32,34
4494. 09.02.2008 7,8,30,38,43,46
4495. 12.02.2008 8,11,24,25,28,29
4496. 14.02.2008 10,15,35,44,45,46
4497. 16.02.2008 1,2,8,15,27,39
4498. 19.02.2008 7,9,24,35,47,48
4499. 21.02.2008 2,15,19,34,35,44
4500. 23.02.2008 8,12,17,18,28,39
4501. 26.02.2008 1,4,10,29,37,42
4502. 28.02.2008 3,13,21,22,29,35
4503. 01.03.2008 22,27,28,30,35,41
4504. 04.03.2008 1,10,12,24,45,46
4505. 06.03.2008 1,7,13,15,29,44
4506. 08.03.2008 2,3,6,18,27,35
4507. 11.03.2008 1,3,11,13,32,49
4508. 13.03.2008 15,16,20,38,40,46
4509. 15.03.2008 8,18,23,37,44,47
4510. 18.03.2008 2,13,14,34,35,41
4511. 20.03.2008 11,13,21,32,37,42
4512. 22.03.2008 1,19,23,24,34,43
4513. 25.03.2008 4,18,26,32,41,43
4514. 27.03.2008 5,13,20,21,28,46
4515. 29.03.2008 3,25,29,31,36,39
4516. 01.04.2008 2,9,22,25,28,38
4517. 03.04.2008 24,27,34,39,45,46
4518. 05.04.2008 7,25,31,34,44,47
4519. 08.04.2008 5,10,35,41,43,47
4520. 10.04.2008 2,5,13,15,37,38
4521. 12.04.2008 11,14,19,30,32,42
4522. 15.04.2008 17,27,32,36,41,45
4523. 17.04.2008 9,10,11,29,40,42
4524. 19.04.2008 3,20,32,38,40,41
4525. 22.04.2008 15,16,39,41,42,43
4526. 24.04.2008 1,7,11,13,24,35
4527. 26.04.2008 6,18,29,31,35,42
4528. 29.04.2008 12,14,18,22,43,44
4529. 01.05.2008 5,6,10,25,29,32
4530. 03.05.2008 1,6,12,30,34,44
4531. 06.05.2008 14,18,30,34,39,43
4532. 08.05.2008 4,9,16,25,32,45
4533. 10.05.2008 3,18,25,30,32,39
4534. 13.05.2008 3,6,23,31,32,37
4535. 15.05.2008 1,4,6,19,21,44
4536. 17.05.2008 11,19,22,35,37,40
4537. 20.05.2008 19,21,25,26,43,44
4538. 22.05.2008 5,6,30,33,44,45
4539. 24.05.2008 6,23,29,34,35,36
4540. 27.05.2008 8,18,27,35,38,46
4541. 29.05.2008 5,7,9,16,17,20
4542. 31.05.2008 5,11,12,23,42,46
4543. 03.06.2008 1,2,13,26,40,43
4544. 05.06.2008 6,11,23,39,42,48
4545. 07.06.2008 19,20,30,31,46,47
4546. 10.06.2008 8,9,16,22,32,37
4547. 12.06.2008 11,12,29,30,32,37
4548. 14.06.2008 5,17,20,21,39,44
4549. 17.06.2008 4,19,24,33,41,42
4550. 19.06.2008 8,11,13,23,35,45
4551. 21.06.2008 12,14,18,35,39,42
4552. 24.06.2008 19,20,25,28,33,49
4553. 26.06.2008 2,18,35,40,42,47
4554. 28.06.2008 15,18,21,36,39,45
4555. 01.07.2008 5,10,24,29,37,40
4556. 03.07.2008 1,4,11,18,36,48
4557. 05.07.2008 8,18,20,29,30,42
4558. 08.07.2008 9,13,16,34,36,46
4559. 10.07.2008 11,13,16,20,35,39
4560. 12.07.2008 1,5,7,9,13,22
4561. 15.07.2008 4,13,20,22,35,40
4562. 17.07.2008 2,7,23,30,31,47
4563. 19.07.2008 2,11,21,38,39,41
4564. 22.07.2008 17,21,22,41,43,49
4565. 24.07.2008 2,4,10,35,42,44
4566. 26.07.2008 1,11,16,18,31,44
4567. 29.07.2008 2,6,15,25,29,30
4568. 31.07.2008 4,5,10,14,35,37
4569. 02.08.2008 10,12,24,33,41,44
4570. 05.08.2008 1,10,16,31,32,44
4571. 07.08.2008 5,15,17,24,41,46
4572. 09.08.2008 17,22,23,25,40,45
4573. 12.08.2008 4,8,10,20,39,46
4574. 14.08.2008 11,26,27,32,47,48
4575. 16.08.2008 5,18,21,31,32,34
4576. 19.08.2008 2,8,11,21,35,39
4577. 21.08.2008 22,35,42,43,46,49
4578. 23.08.2008 9,20,25,29,30,39
4579. 26.08.2008 5,8,31,32,41,47
4580. 28.08.2008 10,19,26,31,42,45
4581. 30.08.2008 1,4,11,18,45,46
4582. 02.09.2008 24,26,33,36,37,46
4583. 04.09.2008 9,16,30,40,45,48
4584. 06.09.2008 9,14,24,31,38,48
4585. 09.09.2008 14,17,22,24,33,46
4586. 11.09.2008 4,6,18,24,32,35
4587. 13.09.2008 4,13,17,28,30,40
4588. 16.09.2008 1,4,8,28,36,40
4589. 18.09.2008 1,13,16,17,22,37
4590. 20.09.2008 5,15,25,27,45,47
4591. 23.09.2008 7,15,16,24,48,49
4592. 25.09.2008 6,16,19,33,37,49
4593. 27.09.2008 6,7,9,21,29,46
4594. 30.09.2008 5,7,15,21,28,47
4595. 02.10.2008 4,6,14,23,48,49
4596. 04.10.2008 18,19,22,34,37,38
4597. 07.10.2008 9,13,14,34,46,47
4598. 09.10.2008 8,15,17,24,36,39
4599. 11.10.2008 8,29,38,42,45,47
4600. 14.10.2008 4,17,24,40,42,44
4601. 16.10.2008 7,17,20,22,23,41
4602. 18.10.2008 3,6,18,19,28,33
4603. 21.10.2008 5,6,26,30,34,45
4604. 23.10.2008 8,22,24,33,35,40
4605. 25.10.2008 10,22,24,34,40,46
4606. 28.10.2008 4,6,19,37,41,42
4607. 30.10.2008 2,22,31,36,44,46
4608. 01.11.2008 2,3,6,11,16,36
4609. 04.11.2008 3,5,6,19,32,47
4610. 06.11.2008 8,13,18,21,24,47
4611. 08.11.2008 3,14,24,33,39,43
4612. 11.11.2008 13,15,25,27,35,37
4613. 13.11.2008 6,24,25,26,32,42
4614. 15.11.2008 5,9,15,17,20,32
4615. 18.11.2008 10,17,22,36,44,49
4616. 20.11.2008 3,4,9,20,22,43
4617. 22.11.2008 17,20,23,32,34,48
4618. 25.11.2008 4,9,22,24,40,45
4619. 27.11.2008 5,15,30,37,40,46
4620. 29.11.2008 3,21,26,36,39,45
4621. 02.12.2008 9,14,32,36,44,47
4622. 04.12.2008 1,16,24,27,48,49
4623. 06.12.2008 11,16,18,19,26,28
4624. 09.12.2008 11,22,24,27,40,42
4625. 11.12.2008 5,10,32,36,47,49
4626. 13.12.2008 3,7,38,40,43,46
4627. 16.12.2008 17,21,23,30,44,48
4628. 18.12.2008 9,16,18,19,39,40
4629. 20.12.2008 8,12,24,25,40,48
4630. 23.12.2008 8,9,17,21,31,32
4631. 25.12.2008 2,10,17,33,39,46
4632. 27.12.2008 3,7,38,40,45,47
4633. 30.12.2008 8,11,13,17,23,40
4634. 01.01.2009 3,13,16,31,46,49
4635. 03.01.2009 3,15,17,25,27,33
4636. 06.01.2009 12,20,36,38,39,45
4637. 08.01.2009 8,17,31,38,42,46
4638. 10.01.2009 31,35,39,40,43,45
4639. 13.01.2009 2,3,9,14,30,34
4640. 15.01.2009 10,11,15,24,28,37
4641. 17.01.2009 1,8,22,33,35,45
4642. 20.01.2009 1,7,12,17,20,38
4643. 22.01.2009 6,9,10,18,42,49
4644. 24.01.2009 20,21,24,37,42,49
4645. 27.01.2009 13,14,27,33,36,46
4646. 29.01.2009 9,15,29,42,45,47
4647. 31.01.2009 5,14,15,24,41,48
4648. 03.02.2009 3,18,21,23,30,41
4649. 05.02.2009 4,5,11,17,18,40
4650. 07.02.2009 3,7,16,27,34,42
4651. 10.02.2009 21,24,35,36,37,49
4652. 12.02.2009 6,8,18,19,28,45
4653. 14.02.2009 3,13,14,18,31,37
4654. 17.02.2009 12,26,39,40,44,49
4655. 19.02.2009 19,22,25,33,41,42
4656. 21.02.2009 1,7,12,24,25,43
4657. 24.02.2009 32,36,38,45,47,49
4658. 26.02.2009 12,14,35,42,48,49
4659. 28.02.2009 10,29,37,43,44,46
4660. 03.03.2009 8,10,18,25,33,35
4661. 05.03.2009 13,23,32,41,45,47
4662. 07.03.2009 17,20,22,29,38,42
4663. 10.03.2009 2,3,20,21,40,45
4664. 12.03.2009 11,12,17,36,42,45
4665. 14.03.2009 6,20,27,33,41,48
4666. 17.03.2009 6,7,17,29,33,35
4667. 19.03.2009 1,17,20,24,25,44
4668. 21.03.2009 13,27,29,32,42,43
4669. 24.03.2009 2,4,7,35,37,41
4670. 26.03.2009 8,18,21,32,48,49
4671. 28.03.2009 14,24,31,45,46,48
4672. 31.03.2009 13,15,20,37,40,43
4673. 02.04.2009 1,6,11,20,44,46
4674. 04.04.2009 7,10,22,26,32,38
4675. 07.04.2009 18,20,22,27,45,49
4676. 09.04.2009 18,19,24,39,44,48
4677. 11.04.2009 9,16,23,30,37,39
4678. 14.04.2009 5,11,22,34,41,45
4679. 16.04.2009 5,6,17,19,20,33
4680. 18.04.2009 9,19,24,32,33,41
4681. 21.04.2009 1,6,8,9,11,23
4682. 23.04.2009 21,30,40,46,48,49
4683. 25.04.2009 25,26,30,33,44,46
4684. 28.04.2009 2,17,18,40,43,45
4685. 30.04.2009 3,13,22,24,25,49
4686. 02.05.2009 3,12,13,20,28,31
4687. 05.05.2009 6,32,40,45,46,49
4688. 07.05.2009 4,5,11,17,32,37
4689. 09.05.2009 1,6,13,34,37,40
4690. 12.05.2009 6,23,24,28,36,38
4691. 14.05.2009 1,3,6,22,24,48
4692. 16.05.2009 4,11,30,36,39,42
4693. 19.05.2009 1,7,19,31,32,40
4694. 21.05.2009 12,17,23,27,28,42
4695. 23.05.2009 9,16,26,33,38,47
4696. 26.05.2009 6,9,10,13,35,37
4697. 28.05.2009 1,7,10,18,24,49
4698. 30.05.2009 4,9,29,32,37,46
4699. 02.06.2009 8,24,31,32,34,44
4700. 04.06.2009 17,18,26,32,40,42
4701. 06.06.2009 14,17,21,26,44,48
4702. 09.06.2009 10,23,31,32,41,47
4703. 11.06.2009 21,23,31,35,39,41
4704. 13.06.2009 3,7,21,33,36,45
4705. 16.06.2009 3,14,28,35,40,41
4706. 18.06.2009 2,15,17,37,39,48
4707. 20.06.2009 2,15,28,33,38,42
4708. 23.06.2009 2,5,21,30,38,39
4709. 25.06.2009 7,10,24,25,29,30
4710. 27.06.2009 16,20,23,24,36,46
4711. 30.06.2009 17,22,25,31,33,42
4712. 02.07.2009 4,11,30,32,33,44
4713. 04.07.2009 13,30,32,33,35,43
4714. 07.07.2009 3,6,9,12,25,26
4715. 09.07.2009 11,12,29,38,44,49
4716. 11.07.2009 12,13,31,36,37,42
4717. 14.07.2009 13,25,29,33,36,49
4718. 16.07.2009 3,7,16,18,28,47
4719. 18.07.2009 6,7,22,23,38,46
4720. 21.07.2009 13,20,21,28,30,36
4721. 23.07.2009 9,16,18,40,42,43
4722. 25.07.2009 1,8,39,44,45,46
4723. 28.07.2009 7,8,27,28,31,41
4724. 30.07.2009 8,16,25,26,29,43
4725. 01.08.2009 5,9,10,20,29,39
4726. 04.08.2009 9,15,18,31,42,44
4727. 06.08.2009 2,7,19,20,35,36
4728. 08.08.2009 3,4,9,13,17,24
4729. 11.08.2009 6,7,14,25,39,42
4730. 13.08.2009 10,23,24,26,44,45
4731. 15.08.2009 1,7,29,35,38,45
4732. 18.08.2009 7,14,17,26,31,41
4733. 20.08.2009 3,5,18,19,33,47
4734. 22.08.2009 6,13,19,40,41,43
4735. 25.08.2009 3,7,21,34,41,45
4736. 27.08.2009 5,13,25,37,40,42
4737. 29.08.2009 7,10,18,24,25,46
4738. 01.09.2009 8,20,34,43,45,48
4739. 03.09.2009 2,15,21,22,24,25
4740. 05.09.2009 14,15,17,33,44,45
4741. 08.09.2009 4,7,19,26,35,48
4742. 10.09.2009 9,11,14,18,21,39
4743. 12.09.2009 9,11,32,39,40,44
4744. 15.09.2009 13,14,21,27,30,34
4745. 17.09.2009 13,25,37,45,47,48
4746. 19.09.2009 19,22,25,26,34,43
4747. 22.09.2009 13,15,29,37,41,47
4748. 24.09.2009 10,14,16,17,37,48
4749. 26.09.2009 18,26,35,42,43,46
4750. 29.09.2009 6,14,28,44,45,48
4751. 01.10.2009 4,16,19,27,28,30
4752. 03.10.2009 1,10,19,20,24,48
4753. 06.10.2009 12,20,21,34,36,38
4754. 08.10.2009 8,12,17,25,29,40
4755. 10.10.2009 3,6,12,13,16,47
4756. 13.10.2009 4,18,23,27,33,34
4757. 15.10.2009 9,13,24,25,30,35
4758. 17.10.2009 4,6,30,33,36,39
4759. 20.10.2009 4,7,20,45,47,48
4760. 22.10.2009 10,19,34,36,38,48
4761. 24.10.2009 6,11,15,19,29,39
4762. 27.10.2009 6,12,16,18,19,48
4763. 29.10.2009 6,23,24,25,31,44
4764. 31.10.2009 9,16,27,30,31,42
4765. 03.11.2009 12,14,17,21,25,36
4766. 05.11.2009 5,6,20,32,34,42
4767. 07.11.2009 1,2,3,5,7,17
4768. 10.11.2009 14,18,21,24,33,41
4769. 12.11.2009 21,24,35,41,48,49
4770. 14.11.2009 8,12,23,26,33,45
4771. 17.11.2009 5,21,24,28,35,37
4772. 19.11.2009 4,7,11,14,30,46
4773. 21.11.2009 18,24,28,37,39,41
4774. 24.11.2009 6,13,21,30,37,39
4775. 26.11.2009 12,15,17,33,41,42
4776. 28.11.2009 9,20,22,28,30,41
4777. 01.12.2009 2,6,14,29,31,48
4778. 03.12.2009 11,25,28,32,38,43
4779. 05.12.2009 8,9,13,24,37,40
4780. 08.12.2009 8,13,20,25,38,49
4781. 10.12.2009 11,12,13,18,28,34
4782. 12.12.2009 3,15,30,32,36,41
4783. 15.12.2009 6,10,19,22,28,30
4784. 17.12.2009 7,10,25,32,47,49
4785. 19.12.2009 2,7,16,25,28,42
4786. 22.12.2009 19,30,33,34,38,45
4787. 24.12.2009 4,8,16,20,35,44
4788. 26.12.2009 8,10,33,38,40,47
4789. 29.12.2009 8,16,19,30,31,47
4790. 31.12.2009 9,10,16,21,24,26
4791. 02.01.2010 7,15,19,24,39,47
4792. 05.01.2010 12,14,29,33,38,42
4793. 07.01.2010 5,8,12,18,39,47
4794. 09.01.2010 2,3,16,25,38,40
4795. 12.01.2010 12,14,23,41,44,45
4796. 14.01.2010 19,24,27,34,37,46
4797. 16.01.2010 5,7,18,36,46,48
4798. 19.01.2010 16,21,31,37,39,42
4799. 21.01.2010 11,17,20,30,42,47
4800. 23.01.2010 5,11,17,20,23,36
4801. 26.01.2010 6,23,25,26,33,35
4802. 28.01.2010 7,13,15,25,42,46
4803. 30.01.2010 4,8,16,33,36,38
4804. 02.02.2010 4,20,21,26,28,33
4805. 04.02.2010 4,6,12,44,46,47
4806. 06.02.2010 4,15,16,24,36,45
4807. 09.02.2010 12,13,14,19,36,38
4808. 11.02.2010 3,11,18,22,38,41
4809. 13.02.2010 10,22,24,28,43,47
4810. 16.02.2010 9,14,15,16,29,39
4811. 18.02.2010 7,13,16,18,22,48
4812. 20.02.2010 3,5,10,22,32,41
4813. 23.02.2010 5,12,28,36,48,49
4814. 25.02.2010 3,11,25,34,37,46
4815. 27.02.2010 6,15,28,31,33,45
4816. 02.03.2010 7,12,18,27,42,43
4817. 04.03.2010 5,6,20,28,32,49
4818. 06.03.2010 6,36,37,41,43,48
4819. 09.03.2010 7,12,16,18,23,42
4820. 11.03.2010 4,22,35,42,43,49
4821. 13.03.2010 12,18,20,28,34,41
4822. 16.03.2010 4,14,18,19,27,48
4823. 18.03.2010 1,4,25,26,33,40
4824. 20.03.2010 4,28,29,32,42,48
4825. 23.03.2010 4,5,34,38,39,43
4826. 25.03.2010 3,4,5,9,27,44
4827. 27.03.2010 7,12,28,35,39,43
4828. 30.03.2010 10,15,27,32,39,46
4829. 01.04.2010 11,14,17,22,40,42
4830. 03.04.2010 16,17,31,36,37,42
4831. 06.04.2010 6,9,12,23,30,44
4832. 08.04.2010 3,20,22,25,26,37
4833. 10.04.2010 11,13,14,15,22,39
4834. 13.04.2010 7,12,13,24,31,43
4835. 15.04.2010 1,2,16,18,24,47
4836. 17.04.2010 1,21,30,40,41,46
4837. 20.04.2010 21,28,31,38,43,46
4838. 22.04.2010 3,17,24,35,43,49
4839. 24.04.2010 17,34,36,37,40,43
4840. 27.04.2010 2,7,11,14,26,38
4841. 29.04.2010 4,7,19,20,34,46
4842. 01.05.2010 1,12,28,38,43,45
4843. 04.05.2010 11,15,30,31,34,48
4844. 06.05.2010 7,10,11,32,33,34
4845. 08.05.2010 1,3,4,6,11,32
4846. 11.05.2010 11,13,22,32,35,37
4847. 13.05.2010 4,11,17,29,31,41
4848. 15.05.2010 2,6,10,17,30,47
4849. 18.05.2010 6,17,27,34,42,44
4850. 20.05.2010 12,25,29,35,39,41
4851. 22.05.2010 1,5,13,20,22,39
4852. 25.05.2010 3,9,34,39,42,46
4853. 27.05.2010 1,9,21,29,33,39
4854. 29.05.2010 1,2,23,41,46,49
4855. 01.06.2010 1,14,25,28,34,41
4856. 03.06.2010 17,20,29,43,44,45
4857. 05.06.2010 4,7,11,20,39,42
4858. 08.06.2010 1,18,22,30,37,38
4859. 10.06.2010 4,9,11,14,16,29
4860. 12.06.2010 1,6,10,13,35,38
4861. 15.06.2010 14,16,29,36,38,44
4862. 17.06.2010 7,12,32,46,48,49
4863. 19.06.2010 3,13,18,25,34,42
4864. 22.06.2010 5,22,27,35,39,44
4865. 24.06.2010 19,20,27,28,29,42
4866. 26.06.2010 2,7,13,16,32,47
4867. 29.06.2010 9,20,23,29,35,41
4868. 01.07.2010 1,6,16,27,38,45
4869. 03.07.2010 6,15,23,24,26,45
4870. 06.07.2010 1,5,15,32,34,36
4871. 08.07.2010 11,18,30,32,37,44
4872. 10.07.2010 9,15,16,24,26,37
4873. 13.07.2010 10,14,25,27,42,44
4874. 15.07.2010 8,17,20,26,38,41
4875. 17.07.2010 23,32,35,37,47,48
4876. 20.07.2010 7,18,23,26,42,44
4877. 22.07.2010 9,15,21,33,40,43
4878. 24.07.2010 13,16,17,20,27,30
4879. 27.07.2010 1,6,27,34,40,46
4880. 29.07.2010 2,4,22,30,31,32
4881. 31.07.2010 11,12,13,16,20,32
4882. 03.08.2010 4,12,25,30,39,40
4883. 05.08.2010 8,16,17,24,30,44
4884. 07.08.2010 14,15,18,28,29,49
4885. 10.08.2010 3,9,10,13,27,30
4886. 12.08.2010 7,10,16,18,28,31
4887. 14.08.2010 9,23,31,32,41,48
4888. 17.08.2010 13,17,22,23,24,32
4889. 19.08.2010 15,19,28,31,32,46
4890. 21.08.2010 16,22,30,36,37,41
4891. 24.08.2010 4,9,13,31,42,45
4892. 26.08.2010 21,28,36,42,43,45
4893. 28.08.2010 2,7,16,31,32,42
4894. 31.08.2010 2,23,30,33,48,49
4895. 02.09.2010 5,7,30,33,36,47
4896. 04.09.2010 2,14,15,22,39,49
4897. 07.09.2010 13,16,18,20,31,34
4898. 09.09.2010 7,8,10,17,29,32
4899. 11.09.2010 6,8,19,28,30,42
4900. 14.09.2010 18,23,37,39,43,49
4901. 16.09.2010 11,13,16,22,38,49
4902. 18.09.2010 5,13,14,16,17,43
4903. 21.09.2010 3,14,16,30,32,39
4904. 23.09.2010 20,22,30,31,34,35
4905. 25.09.2010 24,26,28,33,35,47
4906. 28.09.2010 15,24,27,31,36,44
4907. 30.09.2010 6,9,16,17,26,48
4908. 02.10.2010 1,4,7,13,41,43
4909. 05.10.2010 7,14,16,36,38,44
4910. 07.10.2010 3,11,13,14,17,37
4911. 09.10.2010 8,18,22,23,29,35
4912. 12.10.2010 8,16,32,33,47,48
4913. 14.10.2010 2,6,10,26,28,47
4914. 16.10.2010 14,25,26,38,42,43
4915. 19.10.2010 12,21,25,33,38,48
4916. 21.10.2010 12,22,27,31,36,40
4917. 23.10.2010 8,13,14,33,34,39
4918. 26.10.2010 8,21,24,27,38,44
4919. 28.10.2010 7,18,21,24,28,41
4920. 30.10.2010 5,9,18,23,35,42
4921. 02.11.2010 10,11,13,14,38,48
4922. 04.11.2010 9,25,29,41,43,46
4923. 06.11.2010 2,19,25,27,36,39
4924. 09.11.2010 1,12,22,28,40,47
4925. 11.11.2010 5,15,16,28,30,35
4926. 13.11.2010 7,15,20,26,37,41
4927. 16.11.2010 7,25,34,39,40,41
4928. 18.11.2010 7,20,21,26,32,38
4929. 20.11.2010 1,3,10,16,33,39
4930. 23.11.2010 12,15,20,36,42,44
4931. 25.11.2010 19,22,25,28,40,46
4932. 27.11.2010 5,7,19,29,34,42
4933. 30.11.2010 1,13,18,25,26,29
4934. 02.12.2010 13,15,25,30,37,42
4935. 04.12.2010 1,8,26,29,38,43
4936. 07.12.2010 13,22,24,27,36,37
4937. 09.12.2010 4,15,16,17,30,40
4938. 11.12.2010 6,13,15,18,44,46
4939. 14.12.2010 11,15,23,31,39,41
4940. 16.12.2010 4,9,31,39,42,46
4941. 18.12.2010 10,19,21,33,39,45
4942. 21.12.2010 15,17,32,38,39,40
4943. 23.12.2010 2,12,29,34,43,48
4944. 25.12.2010 5,13,18,23,39,47
4945. 28.12.2010 7,19,29,41,42,47
4946. 30.12.2010 9,13,24,26,40,49
4947. 01.01.2011 10,15,26,38,44,46
4948. 04.01.2011 5,6,23,24,28,46
4949. 06.01.2011 4,5,20,21,28,41
4950. 08.01.2011 3,7,28,35,38,43
4951. 11.01.2011 1,17,18,20,23,31
4952. 13.01.2011 12,18,21,30,34,39
4953. 15.01.2011 13,17,20,27,32,33
4954. 18.01.2011 9,10,17,19,27,34
4955. 20.01.2011 3,12,14,30,36,46
4956. 22.01.2011 5,6,18,28,30,39
4957. 25.01.2011 7,22,31,37,42,47
4958. 27.01.2011 3,10,14,19,35,43
4959. 29.01.2011 1,3,19,32,35,38
4960. 01.02.2011 8,18,24,26,34,47
4961. 03.02.2011 9,13,22,24,37,47
4962. 05.02.2011 2,4,11,33,35,38
4963. 08.02.2011 13,18,19,24,31,49
4964. 10.02.2011 3,6,14,32,38,48
4965. 12.02.2011 13,15,16,20,38,45
4966. 15.02.2011 3,6,7,8,25,27
4967. 17.02.2011 9,19,21,37,38,49
4968. 19.02.2011 7,12,33,38,45,48
4969. 22.02.2011 1,15,17,31,42,46
4970. 24.02.2011 10,15,28,30,37,46
4971. 26.02.2011 2,17,25,26,29,36
4972. 01.03.2011 26,32,36,38,45,49
4973. 03.03.2011 10,13,22,25,30,37
4974. 05.03.2011 2,5,26,27,28,45
4975. 08.03.2011 1,6,10,12,33,46
4976. 10.03.2011 3,18,21,23,27,30
4977. 12.03.2011 23,27,29,30,33,40
4978. 15.03.2011 8,26,30,32,33,34
4979. 17.03.2011 4,23,29,30,32,35
4980. 19.03.2011 3,21,23,27,29,42
4981. 22.03.2011 4,9,12,16,23,34
4982. 24.03.2011 5,10,11,24,32,40
4983. 26.03.2011 1,10,13,14,35,44
4984. 29.03.2011 5,13,16,18,37,48
4985. 31.03.2011 10,13,29,31,34,36
4986. 02.04.2011 1,15,18,19,41,42
4987. 05.04.2011 2,13,19,29,45,46
4988. 07.04.2011 15,16,17,18,19,42
4989. 09.04.2011 4,16,37,42,47,48
4990. 12.04.2011 3,13,16,18,20,49
4991. 14.04.2011 5,8,10,16,24,44
4992. 16.04.2011 6,7,9,28,34,42
4993. 19.04.2011 6,8,12,25,29,49
4994. 21.04.2011 1,4,6,10,15,18
4995. 23.04.2011 1,17,18,20,22,49
4996. 26.04.2011 4,9,21,32,37,41
4997. 28.04.2011 22,31,44,45,47,49
4998. 30.04.2011 5,7,9,26,28,42
4999. 03.05.2011 11,12,14,35,37,39
5000. 05.05.2011 7,9,14,22,34,45
5001. 07.05.2011 10,12,13,14,27,47
5002. 10.05.2011 7,22,28,32,33,40
5003. 12.05.2011 6,13,21,23,24,25
5004. 14.05.2011 2,14,23,24,38,40
5005. 17.05.2011 8,19,23,32,36,40
5006. 19.05.2011 6,18,22,23,33,41
5007. 21.05.2011 2,13,28,39,43,46
5008. 24.05.2011 14,26,33,34,35,39
5009. 26.05.2011 6,13,21,22,36,49
5010. 28.05.2011 3,7,18,23,25,30
5011. 31.05.2011 5,10,13,25,29,47
5012. 02.06.2011 10,11,22,24,38,44
5013. 04.06.2011 4,8,9,21,28,32
5014. 07.06.2011 15,20,32,33,41,47
5015. 09.06.2011 2,8,27,34,45,49
5016. 11.06.2011 4,26,33,34,48,49
5017. 14.06.2011 13,30,32,36,39,47
5018. 16.06.2011 22,23,29,35,41,47
5019. 18.06.2011 2,5,10,11,28,40
5020. 21.06.2011 2,5,19,32,41,46
5021. 23.06.2011 3,11,12,28,29,43
5022. 25.06.2011 2,14,27,31,32,41
5023. 28.06.2011 4,13,26,27,42,45
5024. 30.06.2011 2,4,6,9,34,44
5025. 02.07.2011 5,14,21,23,39,40
5026. 05.07.2011 15,31,35,36,38,43
5027. 07.07.2011 2,12,13,23,28,35
5028. 09.07.2011 6,9,17,20,42,49
5029. 12.07.2011 14,17,28,29,48,49
5030. 14.07.2011 2,5,7,11,40,45
5031. 16.07.2011 3,5,10,13,15,33
5032. 19.07.2011 1,13,19,38,39,45
5033. 21.07.2011 20,30,36,46,47,48
5034. 23.07.2011 6,9,19,33,40,45
5035. 26.07.2011 12,14,22,33,41,49
5036. 28.07.2011 3,11,27,29,32,40
5037. 30.07.2011 6,19,23,29,35,43
5038. 02.08.2011 5,12,13,21,25,37
5039. 04.08.2011 1,12,16,28,36,42
5040. 06.08.2011 8,16,26,29,42,46
5041. 09.08.2011 2,9,15,25,36,46
5042. 11.08.2011 14,17,29,34,35,39
5043. 13.08.2011 15,20,29,33,34,46
5044. 16.08.2011 8,10,12,26,30,44
5045. 18.08.2011 1,16,17,21,32,34
5046. 20.08.2011 2,19,30,37,43,49
5047. 23.08.2011 6,9,11,25,33,48
5048. 25.08.2011 10,21,37,39,43,46
5049. 27.08.2011 1,22,37,40,48,49
5050. 30.08.2011 2,4,20,21,30,44
5051. 01.09.2011 9,14,19,29,38,41
5052. 03.09.2011 3,6,22,25,34,43
5053. 06.09.2011 1,14,16,40,47,49
5054. 08.09.2011 4,9,25,29,34,47
5055. 10.09.2011 14,26,36,41,43,49
5056. 13.09.2011 9,10,28,32,41,49
5057. 15.09.2011 6,11,19,34,35,42
5058. 17.09.2011 8,10,20,38,42,45
5059. 20.09.2011 6,20,26,30,32,33
5060. 22.09.2011 3,8,15,19,29,35
5061. 24.09.2011 6,7,12,13,40,43
5062. 27.09.2011 14,15,25,27,37,40
5063. 29.09.2011 11,32,33,38,40,44
5064. 01.10.2011 15,23,27,29,33,41
5065. 04.10.2011 12,24,32,40,44,47
5066. 06.10.2011 6,16,20,22,38,40
5067. 08.10.2011 2,5,18,26,27,46
5068. 11.10.2011 4,6,25,29,32,47
5069. 13.10.2011 10,13,15,17,19,21
5070. 15.10.2011 1,3,13,15,29,35
5071. 18.10.2011 7,11,13,18,26,27
5072. 20.10.2011 6,9,16,32,42,47
5073. 22.10.2011 11,12,23,27,43,49
5074. 25.10.2011 4,16,34,35,41,47
5075. 27.10.2011 7,16,26,30,31,40
5076. 29.10.2011 3,25,26,34,38,40
5077. 01.11.2011 4,5,25,37,44,45
5078. 03.11.2011 1,5,9,24,28,45
5079. 05.11.2011 5,6,18,27,46,49
5080. 08.11.2011 3,4,5,9,29,39
5081. 10.11.2011 2,7,8,13,21,26
5082. 12.11.2011 2,12,28,35,38,40
5083. 15.11.2011 6,27,34,37,38,40
5084. 17.11.2011 4,6,11,15,25,49
5085. 19.11.2011 3,14,16,21,22,29
5086. 22.11.2011 6,9,19,28,31,35
5087. 24.11.2011 9,10,15,27,39,44
5088. 26.11.2011 1,16,19,29,35,44
5089. 29.11.2011 3,26,28,32,36,39
5090. 01.12.2011 2,22,25,30,37,42
5091. 03.12.2011 11,23,38,40,41,46
5092. 06.12.2011 13,14,15,19,36,44
5093. 08.12.2011 4,18,29,38,46,48
5094. 10.12.2011 11,17,23,38,42,46
5095. 13.12.2011 22,24,30,41,44,46
5096. 15.12.2011 1,24,35,41,43,48
5097. 17.12.2011 1,3,26,37,44,49
5098. 20.12.2011 8,9,13,30,36,42
5099. 22.12.2011 6,19,21,23,27,48
5100. 24.12.2011 1,13,15,19,42,45
5101. 27.12.2011 2,11,12,16,21,36
5102. 29.12.2011 7,14,19,32,42,46
5103. 31.12.2011 3,6,10,16,32,38
5104. 03.01.2012 14,24,27,36,37,45
5105. 05.01.2012 1,2,6,24,33,44
5106. 07.01.2012 10,17,34,40,44,45
5107. 10.01.2012 12,13,28,31,37,47
5108. 12.01.2012 1,6,7,9,40,45
5109. 14.01.2012 1,5,6,19,35,44
5110. 17.01.2012 13,19,20,26,31,47
5111. 19.01.2012 19,20,30,31,45,46
5112. 21.01.2012 2,4,14,23,30,34
5113. 24.01.2012 27,30,41,42,44,49
5114. 26.01.2012 3,6,15,27,37,48
5115. 28.01.2012 2,15,17,41,43,46
5116. 31.01.2012 9,13,18,29,42,44
5117. 02.02.2012 1,7,10,17,28,36
5118. 04.02.2012 7,16,38,41,46,49
5119. 07.02.2012 1,5,13,17,37,38
5120. 09.02.2012 9,12,17,23,28,49
5121. 11.02.2012 6,9,13,29,30,42
5122. 14.02.2012 18,29,35,38,44,48
5123. 16.02.2012 8,24,28,30,38,40
5124. 18.02.2012 6,16,24,27,41,42
5125. 21.02.2012 1,10,24,26,32,37
5126. 23.02.2012 8,13,22,41,42,48
5127. 25.02.2012 7,9,16,20,25,27
5128. 28.02.2012 18,19,25,35,39,40
5129. 01.03.2012 6,17,18,28,35,48
5130. 03.03.2012 4,14,18,22,32,36
5131. 06.03.2012 10,26,36,39,40,45
5132. 08.03.2012 3,7,23,28,42,45
5133. 10.03.2012 1,5,6,28,29,36
5134. 13.03.2012 3,15,17,20,23,24
5135. 15.03.2012 6,8,12,18,21,33
5136. 17.03.2012 4,9,10,39,41,42
5137. 20.03.2012 4,21,31,37,38,40
5138. 22.03.2012 13,23,25,35,42,45
5139. 24.03.2012 9,15,28,40,43,49
5140. 27.03.2012 16,20,34,35,43,49
5141. 29.03.2012 5,13,14,17,37,45
5142. 31.03.2012 31,34,36,37,38,44
5143. 03.04.2012 12,18,34,36,39,47
5144. 05.04.2012 1,11,15,28,33,47
5145. 07.04.2012 2,6,17,37,39,42
5146. 10.04.2012 3,4,18,20,39,43
5147. 12.04.2012 13,19,21,29,32,44
5148. 14.04.2012 6,15,16,23,27,44
5149. 17.04.2012 6,12,18,31,32,33
5150. 19.04.2012 13,15,29,30,35,45
5151. 21.04.2012 1,7,17,20,32,34
5152. 24.04.2012 6,8,16,19,29,31
5153. 26.04.2012 12,19,20,41,44,45
5154. 28.04.2012 2,5,8,16,31,49
5155. 01.05.2012 1,21,33,36,45,47
5156. 03.05.2012 18,19,24,25,40,42
5157. 05.05.2012 4,8,16,31,33,48
5158. 08.05.2012 19,20,31,34,35,46
5159. 10.05.2012 19,25,30,31,36,39
5160. 12.05.2012 1,5,7,18,20,41
5161. 15.05.2012 5,7,17,28,39,47
5162. 17.05.2012 6,19,23,38,48,49
5163. 19.05.2012 1,7,11,21,28,39
5164. 22.05.2012 6,9,32,34,38,44
5165. 24.05.2012 5,11,12,16,20,44
5166. 26.05.2012 7,14,20,25,39,46
5167. 29.05.2012 3,7,8,24,38,46
5168. 31.05.2012 5,29,32,33,38,41
5169. 02.06.2012 26,30,38,39,43,47
5170. 05.06.2012 2,3,32,33,35,46
5171. 07.06.2012 1,2,9,32,45,49
5172. 09.06.2012 12,20,30,32,39,42
5173. 12.06.2012 5,17,22,32,48,49
5174. 14.06.2012 2,17,18,34,38,49
5175. 16.06.2012 9,18,26,33,38,48
5176. 19.06.2012 7,9,21,32,36,41
5177. 21.06.2012 3,7,12,18,20,24
5178. 23.06.2012 4,10,19,43,46,48
5179. 26.06.2012 7,8,16,21,40,42
5180. 28.06.2012 6,12,20,22,25,49
5181. 30.06.2012 5,9,23,41,43,46
5182. 03.07.2012 13,16,17,25,30,44
5183. 05.07.2012 6,11,23,26,30,33
5184. 07.07.2012 3,4,5,16,29,34
5185. 10.07.2012 5,8,13,35,45,49
5186. 12.07.2012 11,38,42,44,45,48
5187. 14.07.2012 5,6,13,24,31,49
5188. 17.07.2012 25,26,27,45,46,48
5189. 19.07.2012 5,7,11,12,41,42
5190. 21.07.2012 17,24,31,35,44,49
5191. 24.07.2012 4,8,24,31,35,49
5192. 26.07.2012 3,5,12,20,23,37
5193. 28.07.2012 6,8,14,22,28,37
5194. 31.07.2012 8,12,13,15,36,37
5195. 02.08.2012 10,15,28,36,45,47
5196. 04.08.2012 15,26,35,38,45,46
5197. 07.08.2012 8,13,24,31,37,38
5198. 09.08.2012 1,13,17,24,31,43
5199. 11.08.2012 1,3,8,41,42,49
5200. 14.08.2012 1,16,25,28,38,42
5201. 16.08.2012 17,18,27,35,41,46
5202. 18.08.2012 12,22,23,29,40,43
5203. 21.08.2012 9,16,24,36,41,44
5204. 23.08.2012 12,20,24,33,43,49
5205. 25.08.2012 12,27,36,42,45,46
5206. 28.08.2012 2,4,10,15,26,41
5207. 30.08.2012 4,8,12,21,23,27
5208. 01.09.2012 11,15,25,26,33,48
5209. 04.09.2012 3,6,8,12,14,49
5210. 06.09.2012 11,18,23,26,34,45
5211. 08.09.2012 1,6,15,16,19,21
5212. 11.09.2012 2,16,19,20,27,41
5213. 13.09.2012 1,4,16,34,43,44
5214. 15.09.2012 8,10,21,25,35,37
5215. 18.09.2012 17,22,32,35,41,44
5216. 20.09.2012 23,24,29,32,44,48
5217. 22.09.2012 1,9,17,23,28,38
5218. 25.09.2012 4,8,15,21,31,44
5219. 27.09.2012 6,7,9,16,30,43
5220. 29.09.2012 2,10,17,23,35,42
5221. 02.10.2012 5,6,35,41,46,47
5222. 04.10.2012 3,8,18,22,27,33
5223. 06.10.2012 16,19,32,33,40,48
5224. 09.10.2012 2,11,12,23,35,37
5225. 11.10.2012 2,4,16,37,38,48
5226. 13.10.2012 11,21,22,23,36,49
5227. 16.10.2012 4,21,36,37,38,44
5228. 18.10.2012 3,10,12,25,28,38
5229. 20.10.2012 3,9,19,28,29,37
5230. 23.10.2012 3,8,20,35,37,41
5231. 25.10.2012 7,24,25,41,45,47
5232. 27.10.2012 12,20,26,35,36,41
5233. 30.10.2012 10,13,29,33,36,43
5234. 01.11.2012 7,9,26,33,34,46
5235. 03.11.2012 4,7,17,27,28,40
5236. 06.11.2012 5,37,40,41,45,47
5237. 08.11.2012 7,13,17,34,36,40
5238. 10.11.2012 3,5,25,26,31,36
5239. 13.11.2012 2,6,15,23,26,34
5240. 15.11.2012 11,31,34,36,38,47
5241. 17.11.2012 1,2,10,23,34,41
5242. 20.11.2012 1,9,23,30,35,49
5243. 22.11.2012 7,17,21,27,41,49
5244. 24.11.2012 3,10,20,34,44,47
5245. 27.11.2012 2,3,6,8,45,49
5246. 29.11.2012 4,6,10,13,18,39
5247. 01.12.2012 8,12,37,44,46,48
5248. 04.12.2012 3,4,14,26,28,32
5249. 06.12.2012 2,18,27,32,33,43
5250. 08.12.2012 10,13,16,30,35,43
5251. 11.12.2012 10,11,29,35,39,44
5252. 13.12.2012 6,8,12,17,29,32
5253. 15.12.2012 4,5,8,25,33,34
5254. 18.12.2012 4,19,21,23,32,38
5255. 20.12.2012 13,15,18,21,37,40
5256. 22.12.2012 2,14,22,43,44,48
5257. 25.12.2012 1,9,13,15,18,42
5258. 27.12.2012 3,10,26,39,43,44
5259. 29.12.2012 9,16,17,29,31,34
5260. 01.01.2013 11,21,23,27,30,31
5261. 03.01.2013 1,3,21,24,27,30
5262. 05.01.2013 1,14,17,18,27,36
5263. 08.01.2013 4,6,14,16,23,36
5264. 10.01.2013 5,21,27,29,30,49
5265. 12.01.2013 10,11,37,38,45,47
5266. 15.01.2013 13,15,26,39,41,44
5267. 17.01.2013 9,31,38,40,46,48
5268. 19.01.2013 10,11,24,26,32,44
5269. 22.01.2013 1,24,37,39,40,49
5270. 24.01.2013 25,28,32,33,35,36
5271. 26.01.2013 1,4,15,28,29,45
5272. 29.01.2013 3,13,27,33,40,41
5273. 31.01.2013 11,12,19,22,33,47
5274. 02.02.2013 1,15,19,35,38,46
5275. 05.02.2013 7,18,19,22,25,36
5276. 07.02.2013 6,9,11,15,42,49
5277. 09.02.2013 2,13,16,31,32,40
5278. 12.02.2013 1,13,25,28,31,44
5279. 14.02.2013 8,24,29,35,38,48
5280. 16.02.2013 10,15,20,27,36,48
5281. 19.02.2013 10,14,19,21,25,30
5282. 21.02.2013 5,7,36,37,40,42
5283. 23.02.2013 6,10,12,22,30,45
5284. 26.02.2013 3,9,23,37,40,45
5285. 28.02.2013 14,18,19,22,32,43
5286. 02.03.2013 6,20,33,34,39,45
5287. 05.03.2013 1,6,20,26,32,34
5288. 07.03.2013 5,15,17,24,26,43
5289. 09.03.2013 11,20,22,34,43,49
5290. 12.03.2013 2,11,21,24,38,45
5291. 14.03.2013 19,22,24,28,32,36
5292. 16.03.2013 12,13,14,23,24,31
5293. 19.03.2013 1,8,16,24,41,49
5294. 21.03.2013 28,30,32,37,38,39
5295. 23.03.2013 10,11,17,19,26,44
5296. 26.03.2013 3,7,11,17,31,41
5297. 28.03.2013 11,19,28,29,38,40
5298. 30.03.2013 2,10,17,18,23,46
5299. 02.04.2013 13,16,32,34,37,40
5300. 04.04.2013 2,14,20,29,31,49
5301. 06.04.2013 6,10,28,30,38,44
5302. 09.04.2013 4,7,14,26,28,42
5303. 11.04.2013 3,18,34,35,41,47
5304. 13.04.2013 18,21,35,36,37,45
5305. 16.04.2013 1,16,18,27,30,35
5306. 18.04.2013 5,16,18,31,38,40
5307. 20.04.2013 5,8,17,20,22,45
5308. 23.04.2013 3,6,10,17,37,42
5309. 25.04.2013 4,33,41,44,46,49
5310. 27.04.2013 2,8,17,36,48,49
5311. 30.04.2013 9,14,22,24,33,45
5312. 02.05.2013 5,11,20,36,47,49
5313. 04.05.2013 9,15,18,39,40,49
5314. 07.05.2013 10,13,20,27,32,38
5315. 09.05.2013 2,6,26,31,42,47
5316. 11.05.2013 13,14,27,30,31,35
5317. 14.05.2013 6,14,17,21,26,37
5318. 16.05.2013 1,15,17,31,41,42
5319. 18.05.2013 17,28,37,42,45,48
5320. 21.05.2013 3,9,18,33,36,46
5321. 23.05.2013 2,5,13,30,40,45
5322. 25.05.2013 5,11,16,17,35,44
5323. 28.05.2013 15,17,20,30,40,47
5324. 30.05.2013 16,18,21,31,33,44
5325. 01.06.2013 10,12,13,23,26,38
5326. 04.06.2013 8,10,14,17,23,42
5327. 06.06.2013 3,30,33,36,37,48
5328. 08.06.2013 4,13,15,18,20,33
5329. 11.06.2013 2,4,6,8,22,27
5330. 13.06.2013 3,5,18,20,22,31
5331. 15.06.2013 6,10,12,22,30,37
5332. 18.06.2013 9,12,24,28,36,42
5333. 20.06.2013 3,10,32,35,37,44
5334. 22.06.2013 20,24,28,31,35,39
5335. 25.06.2013 1,27,31,32,39,41
5336. 27.06.2013 1,4,5,29,36,38
5337. 29.06.2013 3,13,25,26,31,34
5338. 02.07.2013 2,13,29,31,38,47
5339. 04.07.2013 2,3,7,11,19,23
5340. 06.07.2013 6,14,29,31,41,47
5341. 09.07.2013 2,3,21,22,24,45
5342. 11.07.2013 2,17,24,31,34,39
5343. 13.07.2013 12,14,16,29,34,37
5344. 16.07.2013 13,17,19,22,28,46
5345. 18.07.2013 2,9,12,26,29,33
5346. 20.07.2013 1,4,35,40,41,44
5347. 23.07.2013 8,23,24,25,29,35
5348. 25.07.2013 14,16,31,39,42,46
5349. 27.07.2013 1,4,20,36,37,44
5350. 30.07.2013 8,18,25,28,29,32
5351. 01.08.2013 12,23,24,29,42,49
5352. 03.08.2013 11,21,25,26,42,46
5353. 06.08.2013 2,9,19,33,43,49
5354. 08.08.2013 2,15,19,30,37,48
5355. 10.08.2013 6,14,16,18,25,43
5356. 13.08.2013 1,13,22,26,32,44
5357. 15.08.2013 3,7,13,29,34,46
5358. 17.08.2013 5,9,18,23,43,45
5359. 20.08.2013 4,18,26,31,33,42
5360. 22.08.2013 2,3,17,26,30,42
5361. 24.08.2013 1,2,4,6,20,47
5362. 27.08.2013 2,30,39,45,46,47
5363. 29.08.2013 7,10,12,18,27,49
5364. 31.08.2013 2,3,11,14,16,27
5365. 03.09.2013 9,16,22,25,32,43
5366. 05.09.2013 4,11,16,34,44,47
5367. 07.09.2013 8,28,30,32,34,37
5368. 10.09.2013 3,8,15,18,24,41
5369. 12.09.2013 17,30,33,44,48,49
5370. 14.09.2013 2,6,19,35,41,45
5371. 17.09.2013 2,8,15,25,26,46
5372. 19.09.2013 5,16,17,23,24,33
5373. 21.09.2013 4,16,17,22,33,34
5374. 24.09.2013 1,7,23,32,36,46
5375. 26.09.2013 2,23,26,29,38,48
5376. 28.09.2013 4,13,14,28,31,34
5377. 01.10.2013 4,10,11,21,28,39
5378. 03.10.2013 5,9,15,20,41,45
5379. 05.10.2013 1,5,17,18,27,40
5380. 08.10.2013 1,12,32,34,37,46
5381. 10.10.2013 1,5,27,31,36,48
5382. 12.10.2013 3,15,18,28,34,45
5383. 15.10.2013 4,6,8,14,27,42
5384. 17.10.2013 5,7,22,35,37,48
5385. 19.10.2013 4,10,25,31,37,44
5386. 22.10.2013 13,15,17,23,33,42
5387. 24.10.2013 10,21,30,41,43,44
5388. 26.10.2013 12,13,16,28,40,47
5389. 29.10.2013 1,12,27,33,40,44
5390. 31.10.2013 2,4,18,20,22,29
5391. 02.11.2013 9,19,31,37,44,45
5392. 05.11.2013 18,29,38,39,43,48
5393. 07.11.2013 3,24,38,41,42,49
5394. 09.11.2013 8,16,23,24,29,48
5395. 12.11.2013 11,12,16,23,38,46
5396. 14.11.2013 22,23,34,35,39,49
5397. 16.11.2013 4,12,15,20,32,44
5398. 19.11.2013 7,10,11,12,19,27
5399. 21.11.2013 7,8,10,45,46,48
5400. 23.11.2013 1,12,27,34,36,44
5401. 26.11.2013 8,20,27,32,36,44
5402. 28.11.2013 4,10,18,25,33,47
5403. 30.11.2013 6,18,19,25,30,41
5404. 03.12.2013 13,14,17,31,37,42
5405. 05.12.2013 10,11,36,41,45,48
5406. 07.12.2013 8,23,32,41,44,49
5407. 10.12.2013 7,25,31,32,35,45
5408. 12.12.2013 1,11,14,24,33,39
5409. 14.12.2013 12,15,20,33,35,38
5410. 17.12.2013 5,15,16,27,45,48
5411. 19.12.2013 12,19,20,22,23,24
5412. 21.12.2013 18,27,28,38,43,44
5413. 24.12.2013 2,4,9,24,41,43
5414. 26.12.2013 7,10,14,24,30,43
5415. 28.12.2013 1,6,17,19,27,47
5416. 31.12.2013 1,4,28,34,44,46
5417. 02.01.2014 20,27,28,34,35,46
5418. 04.01.2014 7,14,31,37,40,42
5419. 07.01.2014 12,13,19,32,40,44
5420. 09.01.2014 4,6,19,38,42,45
5421. 11.01.2014 9,13,24,26,38,43
5422. 14.01.2014 31,40,41,44,45,48
5423. 16.01.2014 10,12,26,34,47,48
5424. 18.01.2014 2,9,11,23,24,34
5425. 21.01.2014 2,3,28,29,33,34
5426. 23.01.2014 14,15,20,21,31,44
5427. 25.01.2014 3,13,25,26,42,45
5428. 28.01.2014 14,18,25,34,38,41
5429. 30.01.2014 2,9,14,23,29,33
5430. 01.02.2014 4,18,24,30,36,37
5431. 04.02.2014 6,18,26,28,40,43
5432. 06.02.2014 7,27,29,32,46,49
5433. 08.02.2014 25,32,34,38,41,45
5434. 11.02.2014 5,18,21,33,34,49
5435. 13.02.2014 5,12,14,20,37,47
5436. 15.02.2014 16,21,27,32,42,44
5437. 18.02.2014 13,15,22,35,41,46
5438. 20.02.2014 4,6,10,20,35,47
5439. 22.02.2014 14,27,33,43,48,49
5440. 25.02.2014 3,5,32,36,39,45
5441. 27.02.2014 4,20,25,27,38,44
5442. 01.03.2014 4,33,35,40,41,48
5443. 04.03.2014 6,15,21,26,46,47
5444. 06.03.2014 13,28,33,43,44,49
5445. 08.03.2014 6,10,19,20,21,48
5446. 11.03.2014 4,5,40,45,46,48
5447. 13.03.2014 4,7,16,33,35,40
5448. 15.03.2014 3,8,20,25,44,48
5449. 18.03.2014 17,20,23,28,30,45
5450. 20.03.2014 2,12,14,19,25,42
5451. 22.03.2014 1,19,23,29,31,38
5452. 25.03.2014 4,9,11,13,24,39
5453. 27.03.2014 5,11,15,19,29,35
5454. 29.03.2014 6,25,28,31,47,49
5455. 01.04.2014 8,10,28,29,42,48
5456. 03.04.2014 6,8,17,19,42,47
5457. 05.04.2014 21,22,25,31,33,35
5458. 08.04.2014 11,13,17,29,30,46
5459. 10.04.2014 17,23,27,36,39,41
5460. 12.04.2014 2,14,20,30,34,43
5461. 15.04.2014 12,13,15,16,40,47
5462. 17.04.2014 20,24,27,33,43,46
5463. 19.04.2014 7,8,20,29,46,48
5464. 22.04.2014 6,10,11,29,37,46
5465. 24.04.2014 5,8,18,23,30,32
5466. 26.04.2014 5,7,13,22,27,37
5467. 29.04.2014 11,17,21,35,37,38
5468. 01.05.2014 8,14,23,25,40,45
5469. 03.05.2014 4,5,15,19,27,48
5470. 06.05.2014 10,25,27,39,43,47
5471. 08.05.2014 2,5,9,11,20,38
5472. 10.05.2014 12,16,19,27,33,35
5473. 13.05.2014 9,23,27,37,39,46
5474. 15.05.2014 2,3,8,11,16,20
5475. 17.05.2014 1,6,12,15,28,32
5476. 20.05.2014 1,8,16,23,45,47
5477. 22.05.2014 17,30,32,34,36,40
5478. 24.05.2014 5,15,20,35,36,38
5479. 27.05.2014 3,11,20,29,36,45
5480. 29.05.2014 2,9,28,33,36,40
5481. 31.05.2014 9,14,25,34,41,47
5482. 03.06.2014 13,15,21,22,38,43
5483. 05.06.2014 8,15,17,27,29,35
5484. 07.06.2014 5,6,13,26,28,31
5485. 10.06.2014 10,17,19,23,31,38
5486. 12.06.2014 3,11,12,21,22,41
5487. 14.06.2014 9,10,17,33,38,44
5488. 17.06.2014 11,12,23,26,27,28
5489. 19.06.2014 2,3,9,11,35,38
5490. 21.06.2014 6,19,24,30,42,45
5491. 24.06.2014 2,6,15,32,36,48
5492. 26.06.2014 19,21,22,31,40,42
5493. 28.06.2014 7,13,23,27,39,41
5494. 01.07.2014 1,15,22,31,45,49
5495. 03.07.2014 8,19,20,26,28,36
5496. 05.07.2014 22,28,34,35,36,46
5497. 08.07.2014 4,11,21,25,28,47
5498. 10.07.2014 11,19,30,34,35,49
5499. 12.07.2014 11,13,22,29,41,46
5500. 15.07.2014 13,18,23,28,40,42
5501. 17.07.2014 10,11,35,37,47,48
5502. 19.07.2014 3,12,13,27,35,41
5503. 22.07.2014 1,16,19,21,37,40
5504. 24.07.2014 3,18,20,40,43,49
5505. 26.07.2014 13,18,24,26,31,37
5506. 29.07.2014 21,26,29,31,32,36
5507. 31.07.2014 1,36,37,39,40,46
5508. 02.08.2014 9,18,20,28,35,45
5509. 05.08.2014 15,19,21,23,30,39
5510. 07.08.2014 4,7,8,28,33,45
5511. 09.08.2014 11,32,39,46,47,48
5512. 12.08.2014 7,22,23,32,39,42
5513. 14.08.2014 4,5,17,20,25,36
5514. 16.08.2014 6,14,15,25,28,45
5515. 19.08.2014 6,13,19,23,40,45
5516. 21.08.2014 17,30,34,40,46,49
5517. 23.08.2014 11,15,29,32,34,38
5518. 26.08.2014 11,15,19,20,22,40
5519. 28.08.2014 3,9,11,16,17,42
5520. 30.08.2014 15,18,21,35,40,47
5521. 02.09.2014 18,19,31,36,38,42
5522. 04.09.2014 15,17,18,22,35,43
5523. 06.09.2014 9,29,30,33,34,41
5524. 09.09.2014 13,16,30,33,34,38
5525. 11.09.2014 4,27,36,37,41,43
5526. 13.09.2014 22,26,35,39,46,49
5527. 16.09.2014 16,23,27,36,42,46
5528. 18.09.2014 1,2,22,28,40,46
5529. 20.09.2014 15,17,25,28,46,47
5530. 23.09.2014 8,34,38,39,42,43
5531. 25.09.2014 5,17,24,32,41,44
5532. 27.09.2014 11,29,33,41,42,47
5533. 30.09.2014 4,22,33,34,45,48
5534. 02.10.2014 1,8,12,15,40,46
5535. 04.10.2014 5,15,17,26,40,45
5536. 07.10.2014 14,16,23,27,30,32
5537. 09.10.2014 1,15,25,33,35,44
5538. 11.10.2014 13,23,32,36,39,43
5539. 14.10.2014 6,11,14,31,34,48
5540. 16.10.2014 8,18,27,30,38,43
5541. 18.10.2014 12,13,17,32,42,47
5542. 21.10.2014 11,14,20,39,43,46
5543. 23.10.2014 16,22,30,38,40,47
5544. 25.10.2014 15,20,31,35,39,49
5545. 28.10.2014 3,5,12,26,39,42
5546. 30.10.2014 2,3,27,28,43,48
5547. 01.11.2014 1,6,20,34,41,47
5548. 04.11.2014 5,20,26,39,42,43
5549. 06.11.2014 11,14,17,19,25,26
5550. 08.11.2014 3,22,23,29,35,48
5551. 11.11.2014 2,3,11,13,28,31
5552. 13.11.2014 5,11,14,21,36,47
5553. 15.11.2014 5,11,21,27,39,49
5554. 18.11.2014 3,7,12,23,25,31
5555. 20.11.2014 2,21,27,36,38,44
5556. 22.11.2014 10,13,20,22,32,49
5557. 25.11.2014 1,5,12,18,29,34
5558. 27.11.2014 5,8,10,19,23,40
5559. 29.11.2014 4,5,21,30,31,49
5560. 02.12.2014 3,7,18,40,46,47
5561. 04.12.2014 15,30,31,37,43,47
5562. 06.12.2014 7,15,34,37,39,42
5563. 09.12.2014 23,24,41,42,47,49
5564. 11.12.2014 11,18,19,31,43,47
5565. 13.12.2014 5,6,8,19,40,44
5566. 16.12.2014 3,10,27,30,32,36
5567. 18.12.2014 16,19,31,38,43,46
5568. 20.12.2014 1,14,20,31,35,41
5569. 23.12.2014 4,9,21,23,28,49
5570. 25.12.2014 4,19,28,34,36,38
5571. 27.12.2014 4,20,21,24,27,46
5572. 30.12.2014 5,6,7,17,26,29
5573. 01.01.2015 2,10,19,43,44,45
5574. 03.01.2015 2,14,16,18,22,33
5575. 06.01.2015 11,13,29,36,37,45
5576. 08.01.2015 6,12,16,24,28,46
5577. 10.01.2015 5,12,19,24,29,44
5578. 13.01.2015 1,4,14,29,33,49
5579. 15.01.2015 2,15,20,25,43,49
5580. 17.01.2015 13,14,31,38,40,42
5581. 20.01.2015 3,7,16,21,39,48
5582. 22.01.2015 10,14,29,42,46,47
5583. 24.01.2015 8,24,28,32,35,46
5584. 27.01.2015 9,11,17,20,39,41
5585. 29.01.2015 4,8,13,15,33,35
5586. 31.01.2015 12,15,18,21,31,32
5587. 03.02.2015 11,21,31,42,43,46
5588. 05.02.2015 4,6,13,18,40,49
5589. 07.02.2015 5,14,34,36,38,41
5590. 10.02.2015 7,10,23,27,36,44
5591. 12.02.2015 12,21,26,31,41,49
5592. 14.02.2015 5,11,26,31,33,36
5593. 17.02.2015 18,34,38,45,46,49
5594. 19.02.2015 21,26,27,35,40,44
5595. 21.02.2015 18,30,34,36,37,45
5596. 24.02.2015 2,14,22,23,34,49
5597. 26.02.2015 3,4,8,11,24,35
5598. 28.02.2015 6,7,34,40,42,49
5599. 03.03.2015 10,15,20,28,45,48
5600. 05.03.2015 3,5,10,11,22,42
5601. 07.03.2015 8,9,13,18,41,46
5602. 10.03.2015 15,31,33,34,42,47
5603. 12.03.2015 19,31,39,40,41,47
5604. 14.03.2015 6,17,26,41,43,48
5605. 17.03.2015 3,12,21,26,47,48
5606. 19.03.2015 13,16,21,27,29,34
5607. 21.03.2015 9,18,24,25,34,41
5608. 24.03.2015 1,5,23,30,41,49
5609. 26.03.2015 2,3,5,6,18,48
5610. 28.03.2015 11,21,30,33,40,41
5611. 31.03.2015 3,9,13,17,41,43
5612. 02.04.2015 19,32,39,45,46,49
5613. 04.04.2015 1,10,21,29,32,35
5614. 07.04.2015 9,11,28,29,32,44
5615. 09.04.2015 2,4,14,16,31,37
5616. 11.04.2015 1,16,18,24,31,32
5617. 14.04.2015 1,4,17,19,25,46
5618. 16.04.2015 1,6,26,29,38,49
5619. 18.04.2015 10,21,34,37,43,46
5620. 21.04.2015 3,20,23,24,31,48
5621. 23.04.2015 3,10,12,14,20,41
5622. 25.04.2015 11,21,23,30,37,39
5623. 28.04.2015 2,3,20,21,36,43
5624. 30.04.2015 1,2,24,31,35,39
5625. 02.05.2015 6,9,28,32,33,42
5626. 05.05.2015 7,8,10,12,19,23
5627. 07.05.2015 4,7,18,25,26,47
5628. 09.05.2015 11,15,17,24,41,49
5629. 12.05.2015 20,23,28,30,43,46
5630. 14.05.2015 3,6,14,23,32,43
5631. 16.05.2015 13,28,31,37,41,46
5632. 19.05.2015 2,4,19,29,43,44
5633. 21.05.2015 8,9,11,18,27,46
5634. 23.05.2015 1,2,4,40,47,49
5635. 26.05.2015 8,10,14,17,28,32
5636. 28.05.2015 3,15,29,32,34,44
5637. 30.05.2015 1,8,9,21,31,40
5638. 02.06.2015 2,7,14,15,35,40
5639. 04.06.2015 4,20,22,30,36,39
5640. 06.06.2015 3,7,12,17,18,21
5641. 09.06.2015 2,13,17,32,35,44
5642. 11.06.2015 4,6,21,26,33,36
5643. 13.06.2015 2,3,16,24,28,33
5644. 16.06.2015 5,6,11,17,23,28
5645. 18.06.2015 9,11,13,18,29,49
5646. 20.06.2015 7,21,25,35,38,40
5647. 23.06.2015 3,9,27,30,43,47
5648. 25.06.2015 5,22,27,32,38,40
5649. 27.06.2015 2,5,18,38,40,46
5650. 30.06.2015 13,24,25,33,37,41
5651. 02.07.2015 6,8,23,32,33,40
5652. 04.07.2015 10,22,36,38,44,48
5653. 07.07.2015 6,9,15,19,20,21
5654. 09.07.2015 15,22,24,26,30,35
5655. 11.07.2015 9,10,42,45,47,49
5656. 14.07.2015 5,13,14,28,42,45
5657. 16.07.2015 9,19,32,35,40,43
5658. 18.07.2015 4,14,28,32,33,37
5659. 21.07.2015 14,17,27,30,36,45
5660. 23.07.2015 17,28,34,36,43,47
5661. 25.07.2015 3,13,32,34,41,45
5662. 28.07.2015 8,11,12,13,20,29
5663. 30.07.2015 6,22,24,33,34,47
5664. 01.08.2015 4,9,17,37,40,45
5665. 04.08.2015 3,14,16,28,39,40
5666. 06.08.2015 4,25,26,30,32,35
5667. 08.08.2015 15,21,29,34,48,49
5668. 11.08.2015 8,16,17,18,38,46
5669. 13.08.2015 14,23,33,40,41,46
5670. 15.08.2015 4,22,28,33,45,47
5671. 18.08.2015 1,4,23,33,48,49
5672. 20.08.2015 6,16,21,30,47,48
5673. 22.08.2015 1,14,23,31,33,35
5674. 25.08.2015 3,4,14,15,42,45
5675. 27.08.2015 1,7,13,14,36,37
5676. 29.08.2015 8,11,15,17,44,45
5677. 01.09.2015 8,22,28,41,48,49
5678. 03.09.2015 4,5,9,22,31,38
5679. 05.09.2015 2,7,8,12,43,48
5680. 08.09.2015 5,9,18,33,36,40
5681. 10.09.2015 4,9,18,26,29,44
5682. 12.09.2015 5,12,15,32,35,46
5683. 15.09.2015 3,12,16,24,39,49
5684. 17.09.2015 2,15,25,36,37,41
5685. 19.09.2015 3,6,25,30,35,44
5686. 22.09.2015 7,32,39,41,47,48
5687. 24.09.2015 17,20,32,37,42,44
5688. 26.09.2015 8,13,14,34,41,43
5689. 29.09.2015 26,30,41,45,47,48
5690. 01.10.2015 17,20,26,28,38,39
5691. 03.10.2015 9,10,30,35,37,48
5692. 06.10.2015 5,6,14,22,33,46
5693. 08.10.2015 4,12,23,26,31,38
5694. 10.10.2015 3,7,10,22,26,43
5695. 13.10.2015 1,23,27,34,41,49
5696. 15.10.2015 40,41,42,46,47,49
5697. 17.10.2015 4,5,6,14,41,42
5698. 20.10.2015 1,5,12,18,40,45
5699. 22.10.2015 4,14,16,26,28,34
5700. 24.10.2015 17,21,28,29,39,45
5701. 27.10.2015 2,20,35,37,38,46
5702. 29.10.2015 13,20,25,37,46,49
5703. 31.10.2015 3,7,19,39,46,48
5704. 03.11.2015 15,25,26,29,32,43
5705. 05.11.2015 3,7,9,17,20,37
5706. 07.11.2015 7,8,14,26,38,40
5707. 10.11.2015 5,6,10,15,30,35
5708. 12.11.2015 7,10,18,33,43,44
5709. 14.11.2015 17,23,25,26,37,44
5710. 17.11.2015 7,12,17,27,38,45
5711. 19.11.2015 1,20,23,24,28,41
5712. 21.11.2015 5,12,32,39,44,46
5713. 24.11.2015 2,20,23,26,45,48
5714. 26.11.2015 4,14,20,22,35,42
5715. 28.11.2015 12,14,18,25,36,45
5716. 01.12.2015 5,21,31,38,39,47
5717. 03.12.2015 17,32,35,39,41,44
5718. 05.12.2015 3,11,37,44,46,47
5719. 08.12.2015 18,24,41,43,44,47
5720. 10.12.2015 1,15,17,19,25,32
5721. 12.12.2015 4,5,26,27,30,34
5722. 15.12.2015 2,7,10,18,29,33
5723. 17.12.2015 12,17,18,19,21,28
5724. 19.12.2015 11,21,22,33,40,44
5725. 22.12.2015 2,6,19,28,43,49
5726. 24.12.2015 1,8,12,16,22,37
5727. 26.12.2015 2,12,29,32,35,38
5728. 29.12.2015 12,24,34,35,38,48
5729. 31.12.2015 6,8,16,23,37,41
5730. 02.01.2016 2,12,21,35,36,39
5731. 05.01.2016 2,18,19,42,47,48
5732. 07.01.2016 17,24,26,27,33,42
5733. 09.01.2016 1,2,5,7,21,27
5734. 12.01.2016 4,7,10,19,42,45
5735. 14.01.2016 3,4,8,26,33,38
5736. 16.01.2016 2,4,18,35,40,41
5737. 19.01.2016 2,16,19,22,30,39
5738. 21.01.2016 2,6,27,28,35,46
5739. 23.01.2016 6,16,24,34,36,39
5740. 26.01.2016 9,13,22,32,45,48
5741. 28.01.2016 8,13,15,22,32,42
5742. 30.01.2016 16,21,25,44,45,47
5743. 02.02.2016 7,18,23,33,35,36
5744. 04.02.2016 4,7,16,22,42,46
5745. 06.02.2016 5,8,11,23,44,48
5746. 09.02.2016 24,25,29,35,45,47
5747. 11.02.2016 6,9,10,16,34,44
5748. 13.02.2016 9,21,23,32,38,47
5749. 16.02.2016 5,9,19,20,22,44
5750. 18.02.2016 5,9,13,25,30,47
5751. 20.02.2016 3,20,40,41,42,43
5752. 23.02.2016 1,4,24,26,27,30
5753. 25.02.2016 2,5,30,33,36,48
5754. 27.02.2016 4,6,20,24,37,38
5755. 01.03.2016 3,7,30,31,44,48
5756. 03.03.2016 3,13,16,18,22,31
5757. 05.03.2016 32,38,39,43,45,48
5758. 08.03.2016 5,12,15,38,41,48
5759. 10.03.2016 3,14,23,35,40,49
5760. 12.03.2016 2,4,7,17,41,48
5761. 15.03.2016 2,9,17,20,25,32
5762. 17.03.2016 3,7,8,10,31,46
5763. 19.03.2016 2,11,18,26,36,41
5764. 22.03.2016 5,7,20,21,27,41
5765. 24.03.2016 13,14,15,23,35,44
5766. 26.03.2016 7,11,19,25,33,41
5767. 29.03.2016 7,8,9,43,46,47
5768. 31.03.2016 8,12,19,22,32,49
5769. 02.04.2016 7,8,10,28,37,47
5770. 05.04.2016 13,23,24,29,32,38
5771. 07.04.2016 21,23,29,33,34,35
5772. 09.04.2016 20,25,32,36,43,47
5773. 12.04.2016 13,19,32,37,40,41
5774. 14.04.2016 8,10,15,40,41,43
5775. 16.04.2016 7,9,12,18,26,48
5776. 19.04.2016 3,21,27,28,39,40
5777. 21.04.2016 5,11,32,34,41,44
5778. 23.04.2016 3,21,31,39,41,43
5779. 26.04.2016 14,17,20,39,45,48
5780. 28.04.2016 7,14,16,19,38,43
5781. 30.04.2016 23,26,39,40,44,49
5782. 03.05.2016 2,15,31,38,40,48
5783. 05.05.2016 1,18,27,37,44,47
5784. 07.05.2016 11,14,20,27,30,35
5785. 10.05.2016 3,24,28,31,34,36
5786. 12.05.2016 4,8,14,19,35,37
5787. 14.05.2016 7,8,24,37,44,45
5788. 17.05.2016 7,17,18,31,33,37
5789. 19.05.2016 4,5,8,17,25,30
5790. 21.05.2016 11,12,25,32,34,47
5791. 24.05.2016 3,13,23,26,46,47
5792. 26.05.2016 8,10,21,34,46,48
5793. 28.05.2016 9,14,16,18,28,29
5794. 31.05.2016 4,12,16,27,28,30
5795. 02.06.2016 9,19,28,29,36,49
5796. 04.06.2016 5,19,20,37,39,49
5797. 07.06.2016 1,6,40,42,43,44
5798. 09.06.2016 11,24,33,35,41,47
5799. 11.06.2016 3,4,5,7,34,41
5800. 14.06.2016 1,2,13,26,37,44
5801. 16.06.2016 13,16,20,24,26,37
5802. 18.06.2016 5,9,27,28,30,48
5803. 21.06.2016 2,11,15,16,20,45
5804. 23.06.2016 3,6,14,27,45,49
5805. 25.06.2016 22,29,30,36,42,48
5806. 28.06.2016 4,9,10,14,32,48
5807. 30.06.2016 6,13,14,17,33,46
5808. 02.07.2016 4,16,30,35,40,45
5809. 05.07.2016 10,17,27,29,35,45
5810. 07.07.2016 2,12,13,30,38,46
5811. 09.07.2016 14,16,19,34,37,43
5812. 12.07.2016 2,7,9,23,42,47
5813. 14.07.2016 11,24,29,38,40,45
5814. 16.07.2016 5,28,30,36,40,46
5815. 19.07.2016 16,23,29,32,38,41
5816. 21.07.2016 4,6,31,41,42,49
5817. 23.07.2016 11,16,20,21,37,42
5818. 26.07.2016 8,20,22,26,30,40
5819. 28.07.2016 1,7,9,22,29,41
5820. 30.07.2016 3,5,10,12,35,42
5821. 02.08.2016 7,9,14,20,46,48
5822. 04.08.2016 2,4,14,18,27,41
5823. 06.08.2016 3,8,14,26,31,43
5824. 09.08.2016 3,7,20,25,43,48
5825. 11.08.2016 7,8,20,25,39,46
5826. 13.08.2016 4,6,8,21,23,46
5827. 16.08.2016 5,7,19,41,46,49
5828. 18.08.2016 10,13,23,28,32,49
5829. 20.08.2016 6,11,16,30,32,40
5830. 23.08.2016 4,10,18,24,25,48
5831. 25.08.2016 7,8,34,35,37,48
5832. 27.08.2016 2,5,11,22,24,31
5833. 30.08.2016 3,9,19,38,42,44
5834. 01.09.2016 8,13,29,32,38,44
5835. 03.09.2016 2,20,37,44,47,49
5836. 06.09.2016 2,4,6,17,34,49
5837. 08.09.2016 6,7,11,18,28,34
5838. 10.09.2016 10,25,34,36,42,44
5839. 13.09.2016 1,3,14,20,35,43
5840. 15.09.2016 2,25,26,31,33,48
5841. 17.09.2016 5,10,16,17,44,45
5842. 20.09.2016 17,22,25,27,34,37
5843. 22.09.2016 12,36,38,41,43,45
5844. 24.09.2016 5,6,9,15,28,46
5845. 27.09.2016 1,5,21,27,42,44
5846. 29.09.2016 6,13,23,36,46,48
5847. 01.10.2016 5,30,32,33,37,46
5848. 04.10.2016 13,16,20,33,36,38
5849. 06.10.2016 7,19,21,22,25,41
5850. 08.10.2016 7,16,19,28,37,46
5851. 11.10.2016 3,7,10,12,16,43
5852. 13.10.2016 18,21,28,38,45,49
5853. 15.10.2016 9,17,21,25,29,38
5854. 18.10.2016 15,19,24,44,46,47
5855. 20.10.2016 1,11,39,41,42,46
5856. 22.10.2016 11,12,15,18,25,29
5857. 25.10.2016 9,16,21,28,32,34
5858. 27.10.2016 2,9,21,24,35,43
5859. 29.10.2016 1,28,29,37,44,49
5860. 01.11.2016 3,6,26,37,43,45
5861. 03.11.2016 7,8,17,22,26,38
5862. 05.11.2016 6,7,17,22,25,42
5863. 08.11.2016 5,8,24,31,44,45
5864. 10.11.2016 7,11,29,46,47,48
5865. 12.11.2016 10,11,24,33,35,47
5866. 15.11.2016 4,6,10,22,24,38
5867. 17.11.2016 10,17,19,34,41,46
5868. 19.11.2016 3,5,11,34,48,49
5869. 22.11.2016 2,17,20,22,46,48
5870. 24.11.2016 1,2,12,17,27,40
5871. 26.11.2016 6,13,43,44,46,49
5872. 29.11.2016 5,8,15,24,29,41
5873. 01.12.2016 16,20,29,36,42,49
5874. 03.12.2016 8,22,29,38,41,47
5875. 06.12.2016 18,42,45,46,48,49
5876. 08.12.2016 6,16,20,24,48,49
5877. 10.12.2016 3,13,18,21,23,38
5878. 13.12.2016 2,12,16,41,42,46
5879. 15.12.2016 4,6,7,24,28,31
5880. 17.12.2016 7,33,37,45,47,48
5881. 20.12.2016 11,18,25,31,37,49
5882. 22.12.2016 20,23,25,36,43,48
5883. 24.12.2016 7,8,14,19,25,28
5884. 27.12.2016 14,15,25,27,30,49
5885. 29.12.2016 6,16,27,28,31,36
5886. 31.12.2016 3,6,18,20,37,46
5887. 03.01.2017 1,2,7,21,24,35
5888. 05.01.2017 5,15,21,24,32,48
5889. 07.01.2017 6,10,28,35,41,44
5890. 10.01.2017 17,20,28,43,45,49
5891. 12.01.2017 5,25,27,45,47,49
5892. 14.01.2017 6,26,28,30,40,48
5893. 17.01.2017 5,7,8,11,13,34
5894. 19.01.2017 11,12,28,33,37,48
5895. 21.01.2017 4,10,27,40,42,47
5896. 24.01.2017 17,31,36,37,42,46
5897. 26.01.2017 6,12,39,41,42,47
5898. 28.01.2017 8,11,20,26,37,48
5899. 31.01.2017 6,25,26,38,43,48
5900. 02.02.2017 21,28,34,35,38,46
5901. 04.02.2017 2,11,20,33,37,46
5902. 07.02.2017 11,29,31,34,43,46
5903. 09.02.2017 9,16,20,22,26,49
5904. 11.02.2017 5,12,14,25,44,47
5905. 14.02.2017 7,22,34,36,38,46
5906. 16.02.2017 5,8,19,40,48,49
5907. 18.02.2017 10,13,15,27,28,31
5908. 21.02.2017 4,8,13,20,41,47
5909. 23.02.2017 7,8,14,18,25,30
5910. 25.02.2017 2,14,28,40,45,47
5911. 28.02.2017 1,6,23,33,40,45
5912. 02.03.2017 5,16,24,25,26,47
5913. 04.03.2017 13,15,22,28,34,44
5914. 07.03.2017 4,13,16,22,29,44
5915. 09.03.2017 1,16,28,29,34,43
5916. 11.03.2017 22,25,33,44,45,49
5917. 14.03.2017 5,12,34,41,47,49
5918. 16.03.2017 9,10,25,35,44,45
5919. 18.03.2017 16,18,20,23,25,37
5920. 21.03.2017 8,21,23,39,41,43
5921. 23.03.2017 14,21,32,38,42,44
5922. 25.03.2017 3,7,23,36,38,47
5923. 28.03.2017 2,16,26,28,38,42
5924. 30.03.2017 6,18,23,25,30,34
5925. 01.04.2017 17,21,30,40,41,44
5926. 04.04.2017 6,8,14,36,46,49
5927. 06.04.2017 12,16,21,32,42,45
5928. 08.04.2017 2,6,9,13,31,32
5929. 11.04.2017 6,9,13,37,41,43
5930. 13.04.2017 2,14,24,42,45,47
5931. 15.04.2017 1,5,17,36,37,42
5932. 18.04.2017 13,16,17,29,42,45
5933. 20.04.2017 4,8,15,17,27,42
5934. 22.04.2017 22,33,37,38,42,45
5935. 25.04.2017 7,15,18,20,27,34
5936. 27.04.2017 6,15,27,31,44,48
5937. 29.04.2017 3,6,7,11,41,46
5938. 02.05.2017 7,14,15,16,19,25
5939. 04.05.2017 7,14,25,38,44,49
5940. 06.05.2017 3,7,9,14,43,49
5941. 09.05.2017 3,17,28,32,34,48
5942. 11.05.2017 3,22,23,28,38,43
5943. 13.05.2017 6,11,23,37,44,46
5944. 16.05.2017 6,25,27,29,32,36
5945. 18.05.2017 4,17,24,34,40,47
5946. 20.05.2017 10,11,12,19,24,34
5947. 23.05.2017 4,11,13,19,26,27
5948. 25.05.2017 2,4,11,24,26,43
5949. 27.05.2017 1,6,26,27,32,36
5950. 30.05.2017 8,9,17,32,34,36
5951. 01.06.2017 2,4,5,25,32,49
5952. 03.06.2017 1,7,14,15,27,47
5953. 06.06.2017 12,16,21,23,24,37
5954. 08.06.2017 22,26,37,39,45,48
5955. 10.06.2017 6,8,17,35,36,41
5956. 13.06.2017 9,24,27,30,40,48
5957. 15.06.2017 4,10,21,36,40,46
5958. 17.06.2017 5,7,10,11,23,34
5959. 20.06.2017 3,19,20,24,41,49
5960. 22.06.2017 11,13,14,15,16,36
5961. 24.06.2017 1,4,25,31,32,41
5962. 27.06.2017 1,2,5,11,38,39
5963. 29.06.2017 12,23,31,46,48,49
5964. 01.07.2017 12,22,28,30,40,47
5965. 04.07.2017 28,32,33,38,45,49
5966. 06.07.2017 1,11,14,30,34,36
5967. 08.07.2017 14,30,34,38,43,46
5968. 11.07.2017 1,3,17,23,34,48
5969. 13.07.2017 2,8,9,32,36,44
5970. 15.07.2017 3,10,11,18,39,46
5971. 18.07.2017 10,13,18,25,32,44
5972. 20.07.2017 6,14,28,31,34,44
5973. 22.07.2017 4,6,9,27,30,35
5974. 25.07.2017 11,22,30,32,35,39
5975. 27.07.2017 15,28,36,38,39,46
5976. 29.07.2017 4,10,24,29,32,40
5977. 01.08.2017 12,15,19,23,27,33
5978. 03.08.2017 15,31,34,38,41,44
5979. 05.08.2017 10,20,23,35,47,49
5980. 08.08.2017 1,28,30,34,37,38
5981. 10.08.2017 13,24,34,36,39,47
5982. 12.08.2017 8,25,30,36,37,47
5983. 15.08.2017 3,10,23,34,35,44
5984. 17.08.2017 7,10,13,19,36,38
5985. 19.08.2017 4,15,27,35,36,46
5986. 22.08.2017 11,15,28,31,36,48
5987. 24.08.2017 9,29,34,35,43,45
5988. 26.08.2017 9,10,23,37,41,47
5989. 29.08.2017 4,21,34,37,38,39
5990. 31.08.2017 6,9,10,34,41,42
5991. 02.09.2017 14,20,26,29,34,41
5992. 05.09.2017 6,21,24,38,40,47
5993. 07.09.2017 1,2,15,18,38,45
5994. 09.09.2017 6,16,33,34,41,42
5995. 12.09.2017 5,24,27,34,42,45
5996. 14.09.2017 9,27,37,40,42,46
5997. 16.09.2017 2,4,23,28,37,38
5998. 19.09.2017 3,15,16,31,32,35
5999. 21.09.2017 6,21,40,42,47,49
6000. 23.09.2017 11,22,23,37,44,46
6001. 26.09.2017 4,15,28,29,30,41
6002. 28.09.2017 8,10,34,35,37,48
6003. 30.09.2017 3,25,34,35,38,39
6004. 03.10.2017 1,2,10,12,30,36
6005. 05.10.2017 9,10,13,22,38,42
6006. 07.10.2017 7,23,26,29,32,44
6007. 10.10.2017 4,6,22,38,40,46
6008. 12.10.2017 8,9,20,25,34,40
6009. 14.10.2017 3,14,28,32,34,46
6010. 17.10.2017 11,34,39,41,43,48
6011. 19.10.2017 14,22,24,25,34,38
6012. 21.10.2017 6,14,26,42,44,46
6013. 24.10.2017 5,15,20,21,31,49
6014. 26.10.2017 2,10,16,22,28,37
6015. 28.10.2017 6,13,14,15,21,39
6016. 31.10.2017 3,13,16,27,28,44
6017. 02.11.2017 8,9,18,20,31,40
6018. 04.11.2017 2,4,7,8,23,46
6019. 07.11.2017 2,8,18,27,30,46
6020. 09.11.2017 6,19,24,26,31,45
6021. 11.11.2017 3,11,14,31,38,46
6022. 14.11.2017 7,8,20,28,34,41
6023. 16.11.2017 4,8,17,33,45,48
6024. 18.11.2017 1,17,19,28,39,40
6025. 21.11.2017 23,28,30,33,46,47
6026. 23.11.2017 2,7,18,20,27,29
6027. 25.11.2017 9,13,16,17,21,31
6028. 28.11.2017 2,3,8,14,27,49
6029. 30.11.2017 14,19,22,25,37,43
6030. 02.12.2017 2,4,5,8,22,26
6031. 05.12.2017 1,3,20,21,33,45
6032. 07.12.2017 21,31,34,42,45,49
6033. 09.12.2017 1,4,6,18,22,47
6034. 12.12.2017 16,21,31,40,45,49
6035. 14.12.2017 12,15,19,32,34,40
6036. 16.12.2017 1,13,27,31,33,41
6037. 19.12.2017 9,13,31,34,35,40
6038. 21.12.2017 3,22,33,39,45,49
6039. 23.12.2017 3,6,13,14,34,43
6040. 26.12.2017 3,4,9,17,27,30
6041. 28.12.2017 2,3,7,25,38,40
6042. 30.12.2017 1,12,17,21,43,48
6043. 02.01.2018 1,6,10,18,28,31
6044. 04.01.2018 4,8,9,26,30,47
6045. 06.01.2018 9,21,23,35,39,46
6046. 09.01.2018 1,2,12,21,27,49
6047. 11.01.2018 14,21,25,27,30,39
6048. 13.01.2018 9,10,18,31,39,41
6049. 16.01.2018 4,5,15,21,24,27
6050. 18.01.2018 1,2,15,35,45,49
6051. 20.01.2018 22,24,25,27,36,37
6052. 23.01.2018 13,17,22,29,44,45
6053. 25.01.2018 1,3,25,29,38,49
6054. 27.01.2018 12,24,34,36,40,44
6055. 30.01.2018 2,4,21,43,48,49
6056. 01.02.2018 8,9,13,15,41,44
6057. 03.02.2018 13,16,22,40,43,49
6058. 06.02.2018 3,32,35,39,40,46
6059. 08.02.2018 5,17,20,24,39,43
6060. 10.02.2018 4,9,10,21,26,29
6061. 13.02.2018 11,25,29,31,34,36
6062. 15.02.2018 1,7,21,36,37,43
6063. 17.02.2018 6,14,30,33,36,42
6064. 20.02.2018 5,17,20,34,37,43
6065. 22.02.2018 11,18,30,40,43,49
6066. 24.02.2018 1,4,5,11,37,44
6067. 27.02.2018 8,18,19,21,36,42
6068. 01.03.2018 21,24,28,33,43,44
6069. 03.03.2018 1,12,17,21,26,40
6070. 06.03.2018 12,16,23,25,26,27
6071. 08.03.2018 6,20,29,35,40,42
6072. 10.03.2018 2,28,34,36,47,49
6073. 13.03.2018 10,14,17,21,22,46
6074. 15.03.2018 8,9,19,28,36,46
6075. 17.03.2018 13,25,32,34,39,49
6076. 20.03.2018 8,14,15,21,28,48
6077. 22.03.2018 23,25,28,36,37,49
6078. 24.03.2018 16,19,26,36,38,47
6079. 27.03.2018 1,11,20,21,34,35
6080. 29.03.2018 2,7,23,39,41,45
6081. 31.03.2018 27,29,37,38,44,49
6082. 03.04.2018 4,7,13,14,20,32
6083. 05.04.2018 4,14,17,25,36,46
6084. 07.04.2018 10,22,32,35,43,46
6085. 10.04.2018 6,13,18,39,40,44
6086. 12.04.2018 3,6,7,22,32,41
6087. 14.04.2018 1,2,8,26,32,40
6088. 17.04.2018 1,7,9,29,35,45
6089. 19.04.2018 4,6,13,15,22,38
6090. 21.04.2018 5,10,16,21,34,36
6091. 24.04.2018 15,20,25,30,35,44
6092. 26.04.2018 1,10,11,15,37,39
6093. 28.04.2018 11,28,32,33,35,46
6094. 01.05.2018 1,4,7,25,29,48
6095. 03.05.2018 4,11,16,20,26,44
6096. 05.05.2018 10,12,15,20,31,46
6097. 08.05.2018 9,12,16,36,37,40
6098. 10.05.2018 3,17,24,27,43,46
6099. 12.05.2018 2,6,14,17,24,40
6100. 15.05.2018 7,15,27,44,47,49
6101. 17.05.2018 4,5,8,10,15,35
6102. 19.05.2018 2,9,11,27,29,31
6103. 22.05.2018 5,18,24,29,36,42
6104. 24.05.2018 2,9,12,17,18,23
6105. 26.05.2018 6,10,15,22,23,37
6106. 29.05.2018 7,22,24,30,40,45
6107. 31.05.2018 1,2,10,22,37,41
6108. 02.06.2018 3,8,12,19,27,36
6109. 05.06.2018 1,8,30,39,41,46
6110. 07.06.2018 23,26,30,31,32,35
6111. 09.06.2018 2,21,26,39,41,46
6112. 12.06.2018 13,15,19,30,38,43
6113. 14.06.2018 10,25,31,39,42,49
6114. 16.06.2018 4,9,10,16,42,43
6115. 19.06.2018 3,4,23,34,40,46
6116. 21.06.2018 6,9,22,30,34,39
6117. 23.06.2018 6,11,15,40,42,44
6118. 26.06.2018 15,19,22,23,25,38
6119. 28.06.2018 18,23,25,30,31,47
6120. 30.06.2018 9,11,21,30,32,44
6121. 03.07.2018 3,16,20,31,46,48
6122. 05.07.2018 4,15,16,21,28,36
6123. 07.07.2018 7,10,25,34,43,44
6124. 10.07.2018 4,15,18,25,37,46
6125. 12.07.2018 3,13,24,25,38,44
6126. 14.07.2018 2,3,28,32,33,49
6127. 17.07.2018 12,30,38,43,47,49
6128. 19.07.2018 1,2,27,29,35,40
6129. 21.07.2018 8,19,24,25,40,41
6130. 24.07.2018 4,5,15,37,39,47
6131. 26.07.2018 1,25,26,30,31,47
6132. 28.07.2018 18,21,26,32,41,49
6133. 31.07.2018 3,5,6,24,36,40
6134. 02.08.2018 5,7,20,44,47,48
6135. 04.08.2018 6,15,16,22,25,33
6136. 07.08.2018 8,22,24,28,39,46
6137. 09.08.2018 15,29,34,35,44,48
6138. 11.08.2018 3,17,22,27,35,39
6139. 14.08.2018 2,14,25,27,43,47
6140. 16.08.2018 10,20,25,31,38,44
6141. 18.08.2018 1,8,17,25,26,42
6142. 21.08.2018 5,7,9,27,40,43
6143. 23.08.2018 10,14,16,33,38,40
6144. 25.08.2018 33,34,36,37,46,47
6145. 28.08.2018 1,4,18,21,29,30
6146. 30.08.2018 3,9,27,38,41,42
6147. 01.09.2018 9,14,15,42,44,48
6148. 04.09.2018 7,10,19,20,25,46
6149. 06.09.2018 5,14,25,27,33,45
6150. 08.09.2018 5,23,24,29,36,45
6151. 11.09.2018 17,21,27,36,37,42
6152. 13.09.2018 8,14,15,23,27,31
6153. 15.09.2018 4,12,16,29,36,37
6154. 18.09.2018 7,21,24,36,38,42
6155. 20.09.2018 1,7,13,14,25,28
6156. 22.09.2018 4,8,23,27,30,34
6157. 25.09.2018 7,10,12,17,38,46
6158. 27.09.2018 9,11,15,37,39,43
6159. 29.09.2018 7,13,25,28,34,43
6160. 02.10.2018 7,10,26,34,44,45
6161. 04.10.2018 10,12,21,24,27,38
6162. 06.10.2018 12,17,23,24,34,48
6163. 09.10.2018 1,3,9,15,17,38
6164. 11.10.2018 4,14,20,24,29,45
6165. 13.10.2018 1,4,6,11,24,45
6166. 16.10.2018 12,15,25,31,38,45
6167. 18.10.2018 5,15,23,33,35,45
6168. 20.10.2018 8,11,17,22,23,35
6169. 23.10.2018 3,12,16,23,31,43
6170. 25.10.2018 10,25,33,39,41,49
6171. 27.10.2018 15,21,34,40,43,46
6172. 30.10.2018 2,14,22,24,26,36
6173. 01.11.2018 1,12,19,23,27,47
6174. 03.11.2018 2,4,5,18,26,36
6175. 06.11.2018 1,12,13,15,17,27
6176. 08.11.2018 4,10,21,22,23,26
6177. 10.11.2018 3,14,15,31,36,46
6178. 13.11.2018 15,29,30,42,45,48
6179. 15.11.2018 8,25,27,30,31,48
6180. 17.11.2018 4,16,20,26,40,42
6181. 20.11.2018 5,12,21,24,27,36
6182. 22.11.2018 1,9,14,19,21,46
6183. 24.11.2018 13,14,24,32,48,49
6184. 27.11.2018 12,19,25,32,42,48
6185. 29.11.2018 9,14,27,36,42,44
6186. 01.12.2018 1,3,8,30,37,45
6187. 04.12.2018 17,18,26,30,39,40
6188. 06.12.2018 2,21,24,27,35,36
6189. 08.12.2018 9,28,40,42,43,46
6190. 11.12.2018 3,6,8,16,31,38
6191. 13.12.2018 4,6,10,28,32,34
6192. 15.12.2018 12,13,16,24,28,45
6193. 18.12.2018 8,11,20,38,39,43
6194. 20.12.2018 1,3,17,29,44,47
6195. 22.12.2018 15,31,36,39,45,47
6196. 25.12.2018 6,13,35,39,40,47
6197. 27.12.2018 5,8,10,33,42,48
6198. 29.12.2018 3,9,15,24,33,34
6199. 01.01.2019 6,20,24,33,44,47
6200. 03.01.2019 2,14,21,22,37,44
6201. 05.01.2019 7,16,18,21,22,26
6202. 08.01.2019 4,17,21,26,42,45
6203. 10.01.2019 2,10,13,38,42,46
6204. 12.01.2019 2,5,10,14,15,49
6205. 15.01.2019 5,15,17,26,32,49
6206. 17.01.2019 6,7,13,14,39,42
6207. 19.01.2019 12,14,21,30,32,43
6208. 22.01.2019 1,10,14,36,38,44
6209. 24.01.2019 6,10,12,22,33,40
6210. 26.01.2019 1,7,16,41,45,49
6211. 29.01.2019 8,12,19,21,22,38
6212. 31.01.2019 7,16,28,32,36,38
6213. 02.02.2019 4,24,27,32,37,39
6214. 05.02.2019 11,14,37,39,47,48
6215. 07.02.2019 1,11,32,41,44,45
6216. 09.02.2019 1,8,15,17,24,46
6217. 12.02.2019 2,8,9,17,27,49
6218. 14.02.2019 1,12,25,29,33,48
6219. 16.02.2019 4,17,18,29,33,42
6220. 19.02.2019 3,11,14,23,29,44
6221. 21.02.2019 7,8,9,16,48,49
6222. 23.02.2019 2,5,12,13,16,27
6223. 26.02.2019 4,8,29,34,36,49
6224. 28.02.2019 6,7,16,32,42,46
6225. 02.03.2019 3,16,17,20,25,36
6226. 05.03.2019 1,12,19,25,29,31
6227. 07.03.2019 1,18,19,25,31,41
6228. 09.03.2019 4,6,15,18,41,43
6229. 12.03.2019 3,11,17,26,34,36
6230. 14.03.2019 3,17,21,22,23,46
6231. 16.03.2019 13,18,24,37,38,45
6232. 19.03.2019 1,6,25,30,31,48
6233. 21.03.2019 16,27,32,37,40,41
6234. 23.03.2019 15,19,21,24,26,31
6235. 26.03.2019 9,14,17,24,26,46
6236. 28.03.2019 7,8,25,36,37,38
6237. 30.03.2019 9,27,31,34,37,45
6238. 02.04.2019 3,7,9,17,34,39
6239. 04.04.2019 3,18,22,38,44,47
6240. 06.04.2019 8,14,17,23,32,40
6241. 09.04.2019 12,17,23,34,38,49
6242. 11.04.2019 16,19,26,34,46,47
6243. 13.04.2019 2,20,44,45,47,48
6244. 16.04.2019 1,3,9,28,36,38
6245. 18.04.2019 8,9,11,22,41,47
6246. 20.04.2019 5,26,27,35,42,48
6247. 23.04.2019 3,8,14,18,39,42
6248. 25.04.2019 8,19,25,28,32,39
6249. 27.04.2019 3,5,17,21,30,42
6250. 30.04.2019 18,20,23,38,39,49
6251. 02.05.2019 7,9,11,18,29,46
6252. 04.05.2019 6,7,9,18,27,46
6253. 07.05.2019 2,6,8,16,36,48
6254. 09.05.2019 24,26,31,32,38,42
6255. 11.05.2019 4,8,11,20,41,44
6256. 14.05.2019 13,16,22,25,29,32
6257. 16.05.2019 9,15,26,31,47,49
6258. 18.05.2019 1,16,20,21,45,46
6259. 21.05.2019 4,8,18,24,29,32
6260. 23.05.2019 2,4,10,12,18,43
6261. 25.05.2019 8,18,28,30,38,47
6262. 28.05.2019 23,26,32,35,41,45
6263. 30.05.2019 13,15,18,22,24,39
6264. 01.06.2019 13,20,31,34,40,45
6265. 04.06.2019 6,9,10,18,31,38
6266. 06.06.2019 1,9,11,23,42,46
6267. 08.06.2019 8,9,12,30,33,49
6268. 11.06.2019 7,11,12,32,34,48
6269. 13.06.2019 9,21,36,37,39,40
6270. 15.06.2019 7,21,23,26,43,44
6271. 18.06.2019 2,4,15,17,44,49
6272. 20.06.2019 5,9,20,27,31,46
6273. 22.06.2019 3,22,35,36,41,43
6274. 25.06.2019 9,14,18,25,33,40
6275. 27.06.2019 3,6,8,19,20,43
6276. 29.06.2019 5,10,11,15,23,31
6277. 02.07.2019 3,18,29,40,42,46
6278. 04.07.2019 8,24,27,30,36,46
6279. 06.07.2019 14,19,33,38,39,41
6280. 09.07.2019 3,5,13,19,25,26
6281. 11.07.2019 4,6,11,23,40,49
6282. 13.07.2019 9,13,25,28,40,43
6283. 16.07.2019 1,5,10,15,27,30
6284. 18.07.2019 2,8,13,15,21,27
6285. 20.07.2019 11,16,20,25,31,40
6286. 23.07.2019 1,8,19,22,41,43
6287. 25.07.2019 5,10,13,16,18,27
6288. 27.07.2019 1,2,34,38,44,48
6289. 30.07.2019 7,8,13,16,28,41
6290. 01.08.2019 1,5,11,14,15,43
6291. 03.08.2019 1,18,23,29,38,42
6292. 06.08.2019 15,19,34,40,42,43
6293. 08.08.2019 4,5,9,27,35,45
6294. 10.08.2019 14,17,26,35,39,46
6295. 13.08.2019 3,10,14,31,47,49
6296. 15.08.2019 10,12,15,20,21,30
6297. 17.08.2019 5,6,8,24,35,45
6298. 20.08.2019 9,15,19,22,29,35
6299. 22.08.2019 7,12,20,26,28,44
6300. 24.08.2019 13,18,23,27,40,48
6301. 27.08.2019 11,12,14,30,37,40
6302. 29.08.2019 8,16,22,25,36,43
6303. 31.08.2019 13,16,24,25,32,34
6304. 03.09.2019 5,6,7,11,36,43
6305. 05.09.2019 5,6,24,43,45,46
6306. 07.09.2019 1,2,8,10,18,21
6307. 10.09.2019 3,11,17,29,33,34
6308. 12.09.2019 3,4,9,27,31,47
6309. 14.09.2019 11,13,15,26,31,49
6310. 17.09.2019 33,35,38,39,41,49
6311. 19.09.2019 1,5,30,31,35,49
6312. 21.09.2019 2,3,10,16,26,37
6313. 24.09.2019 1,3,14,17,18,35
6314. 26.09.2019 4,8,24,27,30,33
6315. 28.09.2019 6,10,20,32,35,48
6316. 01.10.2019 2,4,5,6,20,48
6317. 03.10.2019 1,6,16,19,20,30
6318. 05.10.2019 4,9,20,27,29,31
6319. 08.10.2019 10,11,23,27,40,41
6320. 10.10.2019 2,5,6,9,10,36
6321. 12.10.2019 4,9,15,25,26,33
6322. 15.10.2019 6,14,15,20,33,37
6323. 17.10.2019 2,3,4,11,17,18
6324. 19.10.2019 1,3,11,12,35,49
6325. 22.10.2019 7,28,34,40,45,47
6326. 24.10.2019 8,17,23,26,32,34
6327. 26.10.2019 24,26,37,41,42,47
6328. 29.10.2019 6,7,15,27,43,44
6329. 31.10.2019 12,22,23,36,38,48
6330. 02.11.2019 2,16,19,28,40,48
6331. 05.11.2019 9,31,33,42,44,49
6332. 07.11.2019 7,11,16,34,38,45
6333. 09.11.2019 3,23,31,34,36,39
6334. 12.11.2019 9,20,34,40,42,43
6335. 14.11.2019 4,9,20,22,35,45
6336. 16.11.2019 5,16,20,24,27,41
6337. 19.11.2019 14,15,16,21,40,49
6338. 21.11.2019 2,10,27,34,35,49
6339. 23.11.2019 3,8,18,39,43,49
6340. 26.11.2019 3,7,29,32,34,38
6341. 28.11.2019 1,6,9,13,23,29
6342. 30.11.2019 4,11,14,25,28,41
6343. 03.12.2019 10,12,13,16,45,46
6344. 05.12.2019 7,10,12,13,25,26
6345. 07.12.2019 3,29,36,37,46,48
6346. 10.12.2019 23,25,28,35,37,48
6347. 12.12.2019 22,24,27,38,41,49
6348. 14.12.2019 15,19,27,42,45,48
6349. 17.12.2019 6,11,14,22,35,37
6350. 19.12.2019 5,6,15,28,32,46
6351. 21.12.2019 6,14,22,30,46,47
6352. 24.12.2019 2,7,13,22,28,40
6353. 26.12.2019 1,18,34,45,47,49
6354. 28.12.2019 8,19,26,29,31,43
6355. 31.12.2019 10,21,24,35,40,48
6356. 02.01.2020 7,12,14,15,30,38
6357. 04.01.2020 10,15,16,22,26,39
6358. 07.01.2020 10,17,19,25,37,38
6359. 09.01.2020 7,15,21,23,33,49
6360. 11.01.2020 10,33,35,38,39,48
6361. 14.01.2020 18,21,36,37,43,44
6362. 16.01.2020 1,20,29,43,44,45
6363. 18.01.2020 9,15,30,32,38,42
6364. 21.01.2020 11,16,19,22,23,39
6365. 23.01.2020 22,23,33,40,41,46
6366. 25.01.2020 9,11,16,19,30,46
6367. 28.01.2020 10,12,20,32,35,37
6368. 30.01.2020 4,14,28,40,45,49
6369. 01.02.2020 10,11,15,16,24,25
6370. 04.02.2020 6,19,20,25,41,43
6371. 06.02.2020 6,12,15,27,41,42
